0.0020000 0.0020000 
0.0020000 0.0020000 
0.0049997 0.0050004 
0.0049996 0.0050005 
0.0049996 0.0050004 
0.0049997 0.0050003 
0.0049998 0.0050003 
0.0049997 0.0050004 
0.0049997 0.0050004 
0.0049997 0.0050004 
0.0049997 0.0050003 
0.0049998 0.0050003 
0.0049997 0.0050003 
0.0049997 0.0050004 
0.0049997 0.0050004 
0.0049997 0.0050003 
0.0049998 0.0050003 
0.0049997 0.0050003 
0.0049997 0.0050004 
0.0049997 0.0050004 
0.0049997 0.0050003 
0.0049998 0.0050003 
0.0049997 0.0050003 
0.0049997 0.0050004 
0.0049997 0.0050003 
0.0049997 0.0050003 
0.0049998 0.0050003 
0.0049998 0.0050003 
0.0049997 0.0050004 
0.0049997 0.0050003 
0.0049997 0.0050003 
0.0049998 0.0050003 
0.0049998 0.0050003 
0.0049997 0.0050003 
0.0049997 0.0050003 
0.0049997 0.0050003 
0.0049998 0.0050003 
0.0049998 0.0050003 
0.0049997 0.0050003 
0.0049997 0.0050003 
0.0049997 0.0050003 
0.0049998 0.0050003 
0.0049998 0.0050003 
0.0049997 0.0050003 
0.0049997 0.0050003 
0.0049997 0.0050003 
0.0049998 0.0050003 
0.0049998 0.0050003 
0.0049997 0.0050003 
0.0049997 0.0050003 
0.0049998 0.0050003 
0.0049998 0.0050003 
0.0049998 0.0050003 
0.0049997 0.0050003 
0.0049997 0.0050003 
0.0049998 0.0050003 
0.0049998 0.0050003 
0.0049998 0.0050003 
0.0049997 0.0050003 
0.0049997 0.0050003 
0.0049998 0.0050003 
0.0049998 0.0050003 
0.0049998 0.0050003 
0.0049997 0.0050003 
0.0049997 0.0050003 
0.0049998 0.0050003 
0.0049998 0.0050003 
0.0049998 0.0050003 
0.0049997 0.0050003 
0.0049997 0.0050003 
0.0049998 0.0050003 
0.0049998 0.0050003 
0.0049998 0.0050003 
0.0049998 0.0050003 
0.0049997 0.0050003 
0.0049998 0.0050003 
0.0049998 0.0050003 
0.0049998 0.0050003 
0.0049998 0.0050003 
0.0049997 0.0050003 
0.0049998 0.0050003 
0.0049998 0.0050003 
0.0049998 0.0050003 
0.0049998 0.0050003 
0.0049997 0.0050003 
0.0049998 0.0050003 
0.0049998 0.0050003 
0.0049998 0.0050003 
0.0049998 0.0050003 
0.0049997 0.0050003 
0.0049998 0.0050003 
0.0049998 0.0050003 
0.0049998 0.0050003 
0.0049998 0.0050003 
0.0049997 0.0050003 
0.0049998 0.0050003 
0.0049998 0.0050003 
0.0049998 0.0050003 
0.0049998 0.0050003 
0.0049997 0.0050003 
0.0049998 0.0050003 
0.0049998 0.0050003 
0.0049998 0.0050003 
0.0049998 0.0050003 
0.0049997 0.0050003 
0.0049998 0.0050003 
0.0049998 0.0050003 
0.0049998 0.0050003 
0.0049998 0.0050003 
0.0049997 0.0050003 
0.0049998 0.0050003 
0.0049998 0.0050003 
0.0049998 0.0050003 
0.0049998 0.0050003 
0.0049998 0.0050003 
0.0049998 0.0050003 
0.0049998 0.0050003 
0.0049998 0.0050003 
0.0049998 0.0050003 
0.0049998 0.0050003 
0.0049998 0.0050003 
0.0049998 0.0050003 
0.0049998 0.0050003 
0.0049998 0.0050003 
0.0049998 0.0050003 
0.0049998 0.0050003 
0.0049998 0.0050003 
0.0049998 0.0050003 
0.0049998 0.0050003 
0.0049998 0.0050003 
0.0049998 0.0050003 
0.0049998 0.0050003 
0.0049998 0.0050003 
0.0049998 0.0050003 
0.0049998 0.0050003 
0.0049998 0.0050003 
0.0049998 0.0050003 
0.0049998 0.0050003 
0.0049998 0.0050003 
0.0049998 0.0050003 
0.0049998 0.0050003 
0.0049998 0.0050003 
0.0049998 0.0050003 
0.0049998 0.0050003 
0.0049998 0.0050003 
0.0049998 0.0050003 
0.0049998 0.0050003 
0.0049998 0.0050003 
0.0049998 0.0050003 
0.0049998 0.0050003 
0.0049998 0.0050003 
0.0049998 0.0050003 
0.0049998 0.0050003 
0.0049998 0.0050003 
0.0049998 0.0050003 
0.0049998 0.0050003 
0.0049998 0.0050003 
0.0049998 0.0050003 
0.0049998 0.0050003 
0.0049997 0.0050003 
0.0049998 0.0050003 
0.0049998 0.0050003 
0.0049998 0.0050003 
0.0049998 0.0050003 
0.0049997 0.0050003 
0.0049998 0.0050003 
0.0049998 0.0050003 
0.0049998 0.0050003 
0.0049998 0.0050003 
0.0049997 0.0050003 
0.0049998 0.0050003 
0.0049998 0.0050003 
0.0049998 0.0050003 
0.0049998 0.0050003 
0.0049997 0.0050003 
0.0049998 0.0050003 
0.0049998 0.0050003 
0.0049998 0.0050003 
0.0049998 0.0050003 
0.0049998 0.0050003 
0.0049998 0.0050003 
0.0049998 0.0050003 
0.0049998 0.0050003 
0.0049998 0.0050003 
0.0049998 0.0050003 
0.0049998 0.0050003 
0.0049998 0.0050003 
0.0049998 0.0050003 
0.0049998 0.0050003 
0.0049998 0.0050003 
0.0049998 0.0050003 
0.0049998 0.0050003 
0.0049998 0.0050003 
0.0049998 0.0050003 
0.0049998 0.0050003 
0.0049998 0.0050003 
0.0049998 0.0050003 
0.0049998 0.0050003 
0.0049998 0.0050003 
0.0049998 0.0050003 
0.0049998 0.0050003 
0.0049998 0.0050003 
0.0049998 0.0050003 
0.0049998 0.0050003 
0.0049998 0.0050003 
0.0049998 0.0050003 
0.0049998 0.0050003 
0.0049998 0.0050003 
0.0049998 0.0050003 
0.0049998 0.0050003 
0.0049998 0.0050003 
0.0049998 0.0050003 
0.0049998 0.0050003 
0.0049998 0.0050003 
0.0049998 0.0050003 
0.0049998 0.0050003 
0.0049998 0.0050003 
0.0049998 0.0050003 
0.0049998 0.0050003 
0.0049998 0.0050003 
0.0049998 0.0050003 
0.0049998 0.0050003 
0.0049998 0.0050003 
0.0049998 0.0050003 
0.0049998 0.0050003 
0.0049998 0.0050003 
0.0049998 0.0050003 
0.0049998 0.0050003 
0.0049998 0.0050003 
0.0049998 0.0050003 
0.0049998 0.0050003 
0.0049998 0.0050003 
0.0049998 0.0050003 
0.0049998 0.0050003 
0.0049998 0.0050003 
0.0049998 0.0050003 
0.0049998 0.0050003 
0.0049998 0.0050003 
0.0049998 0.0050003 
0.0049998 0.0050003 
0.0049998 0.0050003 
0.0049998 0.0050003 
0.0049998 0.0050003 
0.0049998 0.0050003 
0.0049998 0.0050003 
0.0049998 0.0050003 
0.0049998 0.0050003 
0.0049998 0.0050003 
0.0049998 0.0050003 
0.0049998 0.0050003 
0.0049998 0.0050003 
0.0049998 0.0050003 
0.0049998 0.0050003 
0.0049998 0.0050003 
0.0049998 0.0050003 
0.0049998 0.0050003 
0.0049998 0.0050003 
0.0049998 0.0050003 
0.0049998 0.0050003 
0.0049998 0.0050003 
0.0049998 0.0050003 
0.0049998 0.0050003 
0.0049998 0.0050003 
0.0049998 0.0050003 
0.0049998 0.0050003 
0.0049998 0.0050003 
0.0049998 0.0050003 
0.0049998 0.0050003 
0.0049998 0.0050003 
0.0049998 0.0050003 
0.0049998 0.0050003 
0.0049998 0.0050003 
0.0049998 0.0050003 
0.0049998 0.0050003 
0.0049998 0.0050003 
0.0049998 0.0050003 
0.0049998 0.0050003 
0.0049998 0.0050003 
0.0049998 0.0050003 
0.0049998 0.0050003 
0.0049998 0.0050003 
0.0049998 0.0050003 
0.0049998 0.0050003 
0.0049998 0.0050003 
0.0049998 0.0050003 
0.0049998 0.0050003 
0.0049998 0.0050003 
0.0049998 0.0050003 
0.0049998 0.0050003 
0.0049998 0.0050003 
0.0049998 0.0050003 
0.0049998 0.0050003 
0.0049998 0.0050003 
0.0049998 0.0050003 
0.0049998 0.0050003 
0.0049998 0.0050003 
0.0049998 0.0050003 
0.0049998 0.0050003 
0.0049998 0.0050003 
0.0049998 0.0050003 
0.0049998 0.0050003 
0.0049998 0.0050003 
0.0049998 0.0050003 
0.0049998 0.0050003 
0.0049998 0.0050003 
0.0049998 0.0050003 
0.0049998 0.0050003 
0.0049998 0.0050003 
0.0049998 0.0050003 
0.0049998 0.0050003 
0.0049998 0.0050003 
0.0049998 0.0050003 
0.0049998 0.0050003 
0.0049998 0.0050003 
0.0049998 0.0050003 
0.0049998 0.0050003 
0.0049998 0.0050003 
0.0049998 0.0050003 
0.0049998 0.0050003 
0.0049998 0.0050003 
0.0049998 0.0050003 
0.0049998 0.0050003 
0.0049998 0.0050003 
0.0049998 0.0050003 
0.0049998 0.0050003 
0.0049998 0.0050003 
0.0049998 0.0050003 
0.0049998 0.0050003 
0.0049998 0.0050003 
0.0049998 0.0050003 
0.0049998 0.0050003 
0.0049998 0.0050003 
0.0049998 0.0050003 
0.0049998 0.0050003 
0.0049998 0.0050003 
0.0049998 0.0050003 
0.0049998 0.0050003 
0.0049998 0.0050003 
0.0049998 0.0050003 
0.0049998 0.0050003 
0.0049998 0.0050003 
0.0049998 0.0050003 
0.0049998 0.0050003 
0.0049998 0.0050003 
0.0049998 0.0050003 
0.0049998 0.0050003 
0.0049998 0.0050003 
0.0049998 0.0050003 
0.0049998 0.0050003 
0.0049998 0.0050003 
0.0049998 0.0050003 
0.0049998 0.0050003 
0.0049998 0.0050003 
0.0049998 0.0050003 
0.0049998 0.0050003 
0.0049998 0.0050003 
0.0049998 0.0050003 
0.0049998 0.0050003 
0.0049998 0.0050003 
0.0049998 0.0050003 
0.0049998 0.0050003 
0.0049998 0.0050003 
0.0049998 0.0050003 
0.0049998 0.0050003 
0.0049998 0.0050003 
0.0049998 0.0050003 
0.0049998 0.0050003 
0.0049998 0.0050003 
0.0049998 0.0050003 
0.0049998 0.0050003 
0.0049998 0.0050003 
0.0049998 0.0050003 
0.0049998 0.0050003 
0.0049998 0.0050003 
0.0049998 0.0050003 
0.0049998 0.0050003 
0.0049998 0.0050003 
0.0049998 0.0050003 
0.0049998 0.0050003 
0.0049998 0.0050003 
0.0049998 0.0050003 
0.0049998 0.0050003 
0.0049998 0.0050003 
0.0049998 0.0050003 
0.0049998 0.0050003 
0.0049998 0.0050003 
0.0049998 0.0050003 
0.0049998 0.0050003 
0.0049998 0.0050003 
0.0049998 0.0050003 
0.0049998 0.0050003 
0.0049998 0.0050003 
0.0049998 0.0050003 
0.0049998 0.0050003 
0.0049998 0.0050003 
0.0049998 0.0050003 
0.0049998 0.0050003 
0.0049998 0.0050003 
0.0049998 0.0050003 
0.0049998 0.0050003 
0.0049998 0.0050003 
0.0049998 0.0050003 
0.0049998 0.0050003 
0.0049998 0.0050003 
0.0049998 0.0050003 
0.0049998 0.0050003 
0.0049998 0.0050003 
0.0049998 0.0050003 
0.0049998 0.0050003 
0.0049998 0.0050003 
0.0049998 0.0050003 
0.0049998 0.0050003 
0.0049998 0.0050003 
0.0049998 0.0050003 
0.0049998 0.0050003 
0.0049998 0.0050003 
0.0049998 0.0050003 
0.0049998 0.0050003 
0.0049998 0.0050003 
0.0049998 0.0050003 
0.0049998 0.0050003 
0.0049998 0.0050003 
0.0049998 0.0050003 
0.0049998 0.0050003 
0.0049998 0.0050003 
0.0049998 0.0050003 
0.0049998 0.0050003 
0.0049998 0.0050003 
0.0049998 0.0050003 
0.0049998 0.0050003 
0.0049998 0.0050003 
0.0049998 0.0050003 
0.0049998 0.0050003 
0.0049998 0.0050003 
0.0049998 0.0050003 
0.0049998 0.0050003 
0.0049998 0.0050003 
0.0049998 0.0050003 
0.0049998 0.0050003 
0.0049998 0.0050003 
0.0049998 0.0050003 
0.0049998 0.0050003 
0.0049998 0.0050003 
0.0049998 0.0050003 
0.0049998 0.0050003 
0.0049998 0.0050003 
0.0049998 0.0050003 
0.0049998 0.0050003 
0.0049998 0.0050003 
0.0049998 0.0050003 
0.0049998 0.0050003 
0.0049998 0.0050003 
0.0049998 0.0050003 
0.0049998 0.0050003 
0.0049998 0.0050003 
0.0049998 0.0050003 
0.0049998 0.0050003 
0.0049998 0.0050003 
0.0049998 0.0050003 
0.0049998 0.0050003 
0.0049998 0.0050003 
0.0049998 0.0050003 
0.0049998 0.0050003 
0.0049998 0.0050003 
0.0049998 0.0050003 
0.0049998 0.0050003 
0.0049998 0.0050003 
0.0049998 0.0050003 
0.0049998 0.0050003 
0.0049998 0.0050003 
0.0049998 0.0050003 
0.0049998 0.0050003 
0.0049998 0.0050003 
0.0049998 0.0050003 
0.0049998 0.0050003 
0.0049998 0.0050003 
0.0049998 0.0050003 
0.0049998 0.0050003 
0.0049998 0.0050003 
0.0049998 0.0050003 
0.0049998 0.0050003 
0.0049998 0.0050003 
0.0049998 0.0050003 
0.0049998 0.0050003 
0.0049998 0.0050003 
0.0049998 0.0050003 
0.0049998 0.0050003 
0.0049998 0.0050003 
0.0049998 0.0050003 
0.0049998 0.0050003 
0.0049998 0.0050003 
0.0049998 0.0050003 
0.0049998 0.0050003 
0.0049998 0.0050003 
0.0049998 0.0050003 
0.0049998 0.0050003 
0.0049998 0.0050003 
0.0049998 0.0050003 
0.0049998 0.0050003 
0.0049997 0.0050003 
0.0049997 0.0050004 
0.0049997 0.0050004 
0.0049997 0.0050004 
0.0049997 0.0050004 
0.0049997 0.0050004 
0.0049998 0.0050003 
0.0049999 0.0050002 
0.0050000 0.0050001 
0.0050001 0.0050000 
0.0050003 0.0049998 
0.0050005 0.0049996 
0.0050007 0.0049994 
0.0050009 0.0049992 
0.0050012 0.0049990 
0.0050014 0.0049987 
0.0050018 0.0049984 
0.0050021 0.0049981 
0.0050024 0.0049978 
0.0050027 0.0049975 
0.0050031 0.0049971 
0.0050035 0.0049967 
0.0050039 0.0049963 
0.0050044 0.0049959 
0.0050048 0.0049954 
0.0050053 0.0049950 
0.0050058 0.0049945 
0.0050063 0.0049940 
0.0050068 0.0049934 
0.0050074 0.0049929 
0.0050079 0.0049923 
0.0050085 0.0049917 
0.0050091 0.0049911 
0.0050098 0.0049905 
0.0050104 0.0049899 
0.0050111 0.0049892 
0.0050118 0.0049886 
0.0050125 0.0049879 
0.0050132 0.0049871 
0.0050139 0.0049864 
0.0050147 0.0049857 
0.0050154 0.0049849 
0.0050162 0.0049841 
0.0050170 0.0049833 
0.0050179 0.0049825 
0.0050187 0.0049817 
0.0050196 0.0049808 
0.0050204 0.0049799 
0.0050213 0.0049790 
0.0050223 0.0049781 
0.0050232 0.0049772 
0.0050241 0.0049763 
0.0050251 0.0049753 
0.0050261 0.0049743 
0.0050271 0.0049733 
0.0050281 0.0049723 
0.0050291 0.0049713 
0.0050301 0.0049703 
0.0050312 0.0049692 
0.0050323 0.0049681 
0.0050334 0.0049671 
0.0050345 0.0049660 
0.0050356 0.0049648 
0.0050367 0.0049637 
0.0050379 0.0049625 
0.0050391 0.0049614 
0.0050403 0.0049602 
0.0050414 0.0049590 
0.0050427 0.0049578 
0.0050439 0.0049566 
0.0050452 0.0049553 
0.0050464 0.0049541 
0.0050477 0.0049528 
0.0050490 0.0049515 
0.0050503 0.0049502 
0.0050516 0.0049489 
0.0050529 0.0049476 
0.0050542 0.0049462 
0.0050556 0.0049449 
0.0050570 0.0049435 
0.0050584 0.0049421 
0.0050598 0.0049407 
0.0050612 0.0049393 
0.0050626 0.0049379 
0.0050640 0.0049364 
0.0050655 0.0049350 
0.0050670 0.0049335 
0.0050684 0.0049320 
0.0050699 0.0049305 
0.0050714 0.0049290 
0.0050730 0.0049275 
0.0050745 0.0049260 
0.0050760 0.0049244 
0.0050776 0.0049229 
0.0050792 0.0049213 
0.0050808 0.0049197 
0.0050823 0.0049181 
0.0050839 0.0049165 
0.0050856 0.0049149 
0.0050872 0.0049132 
0.0050889 0.0049116 
0.0050905 0.0049099 
0.0050921 0.0049083 
0.0050938 0.0049066 
0.0050955 0.0049049 
0.0050972 0.0049032 
0.0050989 0.0049015 
0.0051007 0.0048997 
0.0051024 0.0048980 
0.0051042 0.0048962 
0.0051059 0.0048945 
0.0051077 0.0048927 
0.0051095 0.0048909 
0.0051113 0.0048891 
0.0051131 0.0048873 
0.0051149 0.0048854 
0.0051167 0.0048836 
0.0051185 0.0048818 
0.0051204 0.0048799 
0.0051223 0.0048780 
0.0051242 0.0048761 
0.0051260 0.0048743 
0.0051279 0.0048724 
0.0051298 0.0048704 
0.0051317 0.0048685 
0.0051337 0.0048666 
0.0051356 0.0048647 
0.0051375 0.0048627 
0.0051395 0.0048607 
0.0051415 0.0048587 
0.0051435 0.0048567 
0.0051454 0.0048548 
0.0051474 0.0048528 
0.0051494 0.0048507 
0.0051514 0.0048487 
0.0051535 0.0048467 
0.0051555 0.0048446 
0.0051575 0.0048426 
0.0051596 0.0048405 
0.0051617 0.0048384 
0.0051638 0.0048363 
0.0051658 0.0048342 
0.0051679 0.0048321 
0.0051700 0.0048300 
0.0051721 0.0048279 
0.0051743 0.0048257 
0.0051764 0.0048236 
0.0051785 0.0048214 
0.0051807 0.0048193 
0.0051828 0.0048171 
0.0051850 0.0048149 
0.0051872 0.0048127 
0.0051894 0.0048105 
0.0051916 0.0048083 
0.0051938 0.0048061 
0.0051960 0.0048038 
0.0051982 0.0048016 
0.0052004 0.0047994 
0.0052027 0.0047971 
0.0052049 0.0047948 
0.0052072 0.0047926 
0.0052094 0.0047903 
0.0052117 0.0047880 
0.0052140 0.0047857 
0.0052163 0.0047834 
0.0052186 0.0047810 
0.0052209 0.0047787 
0.0052232 0.0047764 
0.0052255 0.0047740 
0.0052279 0.0047717 
0.0052302 0.0047693 
0.0052326 0.0047670 
0.0052349 0.0047646 
0.0052373 0.0047622 
0.0052397 0.0047598 
0.0052421 0.0047574 
0.0052444 0.0047550 
0.0052468 0.0047526 
0.0052492 0.0047501 
0.0052517 0.0047477 
0.0052541 0.0047453 
0.0052565 0.0047428 
0.0052589 0.0047404 
0.0052614 0.0047379 
0.0052638 0.0047354 
0.0052663 0.0047329 
0.0052687 0.0047305 
0.0052712 0.0047280 
0.0052737 0.0047254 
0.0052762 0.0047229 
0.0052787 0.0047204 
0.0052812 0.0047179 
0.0052837 0.0047154 
0.0052862 0.0047128 
0.0052888 0.0047102 
0.0052913 0.0047077 
0.0052938 0.0047052 
0.0052964 0.0047026 
0.0052989 0.0047000 
0.0053015 0.0046974 
0.0053041 0.0046948 
0.0053066 0.0046922 
0.0053092 0.0046896 
0.0053118 0.0046870 
0.0053144 0.0046844 
0.0053170 0.0046817 
0.0053196 0.0046791 
0.0053222 0.0046765 
0.0053248 0.0046738 
0.0053275 0.0046711 
0.0053301 0.0046685 
0.0053327 0.0046658 
0.0053354 0.0046632 
0.0053381 0.0046605 
0.0053407 0.0046578 
0.0053434 0.0046551 
0.0053461 0.0046524 
0.0053487 0.0046497 
0.0053514 0.0046470 
0.0053541 0.0046442 
0.0053568 0.0046415 
0.0053595 0.0046388 
0.0053622 0.0046360 
0.0053650 0.0046333 
0.0053677 0.0046305 
0.0053704 0.0046278 
0.0053732 0.0046250 
0.0053759 0.0046222 
0.0053786 0.0046194 
0.0053814 0.0046166 
0.0053842 0.0046139 
0.0053869 0.0046111 
0.0053897 0.0046083 
0.0053925 0.0046055 
0.0053953 0.0046026 
0.0053981 0.0045998 
0.0054009 0.0045970 
0.0054037 0.0045942 
0.0054065 0.0045913 
0.0054093 0.0045885 
0.0054121 0.0045856 
0.0054149 0.0045828 
0.0054178 0.0045799 
0.0054206 0.0045770 
0.0054235 0.0045741 
0.0054263 0.0045713 
0.0054292 0.0045684 
0.0054320 0.0045655 
0.0054349 0.0045626 
0.0054378 0.0045597 
0.0054407 0.0045568 
0.0054435 0.0045539 
0.0054464 0.0045509 
0.0054493 0.0045479 
0.0054522 0.0045450 
0.0054551 0.0045421 
0.0054579 0.0045392 
0.0054607 0.0045363 
0.0054635 0.0045335 
0.0054663 0.0045306 
0.0054691 0.0045278 
0.0054718 0.0045250 
0.0054745 0.0045222 
0.0054772 0.0045194 
0.0054799 0.0045167 
0.0054826 0.0045139 
0.0054853 0.0045112 
0.0054879 0.0045085 
0.0054906 0.0045058 
0.0054932 0.0045031 
0.0054958 0.0045005 
0.0054984 0.0044978 
0.0055010 0.0044952 
0.0055035 0.0044926 
0.0055061 0.0044900 
0.0055087 0.0044874 
0.0055111 0.0044848 
0.0055136 0.0044823 
0.0055162 0.0044797 
0.0055186 0.0044772 
0.0055211 0.0044747 
0.0055236 0.0044722 
0.0055260 0.0044697 
0.0055284 0.0044672 
0.0055308 0.0044648 
0.0055333 0.0044623 
0.0055356 0.0044599 
0.0055380 0.0044575 
0.0055403 0.0044551 
0.0055427 0.0044527 
0.0055451 0.0044504 
0.0055474 0.0044480 
0.0055497 0.0044457 
0.0055520 0.0044433 
0.0055542 0.0044410 
0.0055565 0.0044387 
0.0055588 0.0044364 
0.0055610 0.0044341 
0.0055633 0.0044319 
0.0055655 0.0044296 
0.0055677 0.0044274 
0.0055699 0.0044252 
0.0055721 0.0044229 
0.0055742 0.0044207 
0.0055764 0.0044185 
0.0055786 0.0044164 
0.0055807 0.0044142 
0.0055828 0.0044121 
0.0055849 0.0044099 
0.0055870 0.0044078 
0.0055891 0.0044057 
0.0055912 0.0044036 
0.0055933 0.0044015 
0.0055954 0.0043994 
0.0055974 0.0043973 
0.0055994 0.0043953 
0.0056015 0.0043932 
0.0056035 0.0043912 
0.0056055 0.0043892 
0.0056075 0.0043871 
0.0056095 0.0043851 
0.0056114 0.0043832 
0.0056134 0.0043812 
0.0056154 0.0043792 
0.0056173 0.0043772 
0.0056193 0.0043753 
0.0056212 0.0043734 
0.0056231 0.0043714 
0.0056250 0.0043695 
0.0056269 0.0043676 
0.0056288 0.0043657 
0.0056306 0.0043638 
0.0056325 0.0043620 
0.0056344 0.0043601 
0.0056362 0.0043582 
0.0056381 0.0043564 
0.0056399 0.0043546 
0.0056417 0.0043527 
0.0056435 0.0043509 
0.0056453 0.0043491 
0.0056471 0.0043473 
0.0056489 0.0043455 
0.0056507 0.0043438 
0.0056524 0.0043420 
0.0056542 0.0043402 
0.0056559 0.0043385 
0.0056577 0.0043367 
0.0056594 0.0043350 
0.0056611 0.0043333 
0.0056628 0.0043316 
0.0056645 0.0043299 
0.0056662 0.0043282 
0.0056679 0.0043265 
0.0056696 0.0043248 
0.0056712 0.0043232 
0.0056729 0.0043215 
0.0056745 0.0043199 
0.0056762 0.0043182 
0.0056778 0.0043166 
0.0056794 0.0043150 
0.0056810 0.0043134 
0.0056827 0.0043117 
0.0056843 0.0043102 
0.0056858 0.0043086 
0.0056874 0.0043070 
0.0056890 0.0043054 
0.0056906 0.0043038 
0.0056921 0.0043023 
0.0056937 0.0043007 
0.0056952 0.0042992 
0.0056968 0.0042977 
0.0056983 0.0042962 
0.0056998 0.0042946 
0.0057013 0.0042931 
0.0057028 0.0042916 
0.0057043 0.0042901 
0.0057058 0.0042887 
0.0057073 0.0042872 
0.0057088 0.0042857 
0.0057102 0.0042843 
0.0057117 0.0042828 
0.0057132 0.0042814 
0.0057146 0.0042799 
0.0057160 0.0042785 
0.0057175 0.0042771 
0.0057189 0.0042757 
0.0057203 0.0042742 
0.0057217 0.0042728 
0.0057231 0.0042714 
0.0057245 0.0042701 
0.0057259 0.0042687 
0.0057273 0.0042673 
0.0057287 0.0042659 
0.0057300 0.0042646 
0.0057314 0.0042632 
0.0057327 0.0042619 
0.0057341 0.0042606 
0.0057354 0.0042592 
0.0057367 0.0042579 
0.0057381 0.0042566 
0.0057394 0.0042553 
0.0057407 0.0042540 
0.0057420 0.0042527 
0.0057433 0.0042514 
0.0057446 0.0042501 
0.0057459 0.0042488 
0.0057472 0.0042476 
0.0057484 0.0042463 
0.0057497 0.0042451 
0.0057510 0.0042438 
0.0057522 0.0042426 
0.0057535 0.0042413 
0.0057547 0.0042401 
0.0057559 0.0042389 
0.0057572 0.0042377 
0.0057584 0.0042365 
0.0057596 0.0042353 
0.0057608 0.0042341 
0.0057620 0.0042329 
0.0057632 0.0042317 
0.0057644 0.0042305 
0.0057656 0.0042293 
0.0057668 0.0042282 
0.0057680 0.0042270 
0.0057691 0.0042258 
0.0057703 0.0042247 
0.0057714 0.0042236 
0.0057726 0.0042224 
0.0057737 0.0042213 
0.0057749 0.0042202 
0.0057760 0.0042190 
0.0057771 0.0042179 
0.0057783 0.0042168 
0.0057794 0.0042157 
0.0057805 0.0042146 
0.0057816 0.0042135 
0.0057827 0.0042124 
0.0057838 0.0042114 
0.0057849 0.0042103 
0.0057860 0.0042092 
0.0057870 0.0042082 
0.0057881 0.0042071 
0.0057892 0.0042061 
0.0057902 0.0042050 
0.0057913 0.0042040 
0.0057923 0.0042029 
0.0057934 0.0042019 
0.0057944 0.0042009 
0.0057955 0.0041999 
0.0057965 0.0041988 
0.0057975 0.0041978 
0.0057985 0.0041968 
0.0057995 0.0041958 
0.0058005 0.0041948 
0.0058015 0.0041938 
0.0058025 0.0041929 
0.0058035 0.0041919 
0.0058045 0.0041909 
0.0058055 0.0041899 
0.0058065 0.0041890 
0.0058075 0.0041880 
0.0058084 0.0041871 
0.0058094 0.0041861 
0.0058104 0.0041852 
0.0058113 0.0041842 
0.0058123 0.0041833 
0.0058132 0.0041824 
0.0058141 0.0041815 
0.0058151 0.0041805 
0.0058160 0.0041796 
0.0058169 0.0041787 
0.0058179 0.0041778 
0.0058188 0.0041769 
0.0058197 0.0041760 
0.0058206 0.0041751 
0.0058215 0.0041742 
0.0058224 0.0041733 
0.0058233 0.0041725 
0.0058242 0.0041716 
0.0058250 0.0041707 
0.0058259 0.0041699 
0.0058268 0.0041690 
0.0058277 0.0041681 
0.0058285 0.0041673 
0.0058294 0.0041665 
0.0058303 0.0041656 
0.0058311 0.0041648 
0.0058320 0.0041639 
0.0058328 0.0041631 
0.0058336 0.0041623 
0.0058345 0.0041615 
0.0058353 0.0041606 
0.0058361 0.0041598 
0.0058370 0.0041590 
0.0058378 0.0041582 
0.0058386 0.0041574 
0.0058394 0.0041566 
0.0058402 0.0041558 
0.0058410 0.0041550 
0.0058418 0.0041543 
0.0058426 0.0041535 
0.0058434 0.0041527 
0.0058442 0.0041519 
0.0058450 0.0041512 
0.0058458 0.0041504 
0.0058465 0.0041496 
0.0058473 0.0041489 
0.0058481 0.0041481 
0.0058488 0.0041474 
0.0058496 0.0041466 
0.0058503 0.0041459 
0.0058511 0.0041452 
0.0058518 0.0041444 
0.0058526 0.0041437 
0.0058533 0.0041430 
0.0058541 0.0041423 
0.0058548 0.0041415 
0.0058555 0.0041408 
0.0058563 0.0041401 
0.0058570 0.0041394 
0.0058577 0.0041387 
0.0058584 0.0041380 
0.0058591 0.0041373 
0.0058598 0.0041366 
0.0058605 0.0041359 
0.0058612 0.0041352 
0.0058619 0.0041346 
0.0058626 0.0041339 
0.0058633 0.0041332 
0.0058640 0.0041325 
0.0058647 0.0041319 
0.0058654 0.0041312 
0.0058660 0.0041305 
0.0058667 0.0041299 
0.0058674 0.0041292 
0.0058680 0.0041286 
0.0058687 0.0041279 
0.0058694 0.0041273 
0.0058700 0.0041266 
0.0058707 0.0041260 
0.0058713 0.0041254 
0.0058720 0.0041247 
0.0058726 0.0041241 
0.0058733 0.0041235 
0.0058739 0.0041229 
0.0058745 0.0041222 
0.0058752 0.0041216 
0.0058758 0.0041210 
0.0058764 0.0041204 
0.0058770 0.0041198 
0.0058776 0.0041192 
0.0058783 0.0041186 
0.0058789 0.0041180 
0.0058795 0.0041174 
0.0058801 0.0041168 
0.0058807 0.0041162 
0.0058813 0.0041156 
0.0058819 0.0041151 
0.0058825 0.0041145 
0.0058831 0.0041139 
0.0058836 0.0041133 
0.0058842 0.0041128 
0.0058848 0.0041122 
0.0058854 0.0041116 
0.0058860 0.0041111 
0.0058865 0.0041105 
0.0058871 0.0041099 
0.0058877 0.0041094 
0.0058882 0.0041088 
0.0058888 0.0041083 
0.0058894 0.0041077 
0.0058899 0.0041072 
0.0058905 0.0041067 
0.0058910 0.0041061 
0.0058916 0.0041056 
0.0058921 0.0041051 
0.0058926 0.0041045 
0.0058932 0.0041040 
0.0058937 0.0041035 
0.0058942 0.0041030 
0.0058948 0.0041025 
0.0058953 0.0041019 
0.0058958 0.0041014 
0.0058964 0.0041009 
0.0058969 0.0041004 
0.0058974 0.0040999 
0.0058979 0.0040994 
0.0058984 0.0040989 
0.0058989 0.0040984 
0.0058994 0.0040979 
0.0058999 0.0040974 
0.0059004 0.0040969 
0.0059009 0.0040964 
0.0059014 0.0040960 
0.0059019 0.0040955 
0.0059024 0.0040950 
0.0059029 0.0040945 
0.0059034 0.0040940 
0.0059039 0.0040936 
0.0059044 0.0040931 
0.0059048 0.0040926 
0.0059053 0.0040922 
0.0059058 0.0040917 
0.0059063 0.0040912 
0.0059067 0.0040908 
0.0059072 0.0040903 
0.0059077 0.0040899 
0.0059081 0.0040894 
0.0059086 0.0040890 
0.0059091 0.0040885 
0.0059095 0.0040881 
0.0059100 0.0040876 
0.0059104 0.0040872 
0.0059109 0.0040868 
0.0059113 0.0040863 
0.0059118 0.0040859 
0.0059122 0.0040855 
0.0059126 0.0040850 
0.0059131 0.0040846 
0.0059135 0.0040842 
0.0059139 0.0040838 
0.0059144 0.0040833 
0.0059148 0.0040829 
0.0059152 0.0040825 
0.0059157 0.0040821 
0.0059161 0.0040817 
0.0059165 0.0040813 
0.0059169 0.0040809 
0.0059173 0.0040805 
0.0059178 0.0040801 
0.0059182 0.0040797 
0.0059186 0.0040793 
0.0059190 0.0040789 
0.0059194 0.0040785 
0.0059198 0.0040781 
0.0059202 0.0040777 
0.0059206 0.0040773 
0.0059210 0.0040769 
0.0059214 0.0040765 
0.0059218 0.0040761 
0.0059222 0.0040758 
0.0059226 0.0040754 
0.0059230 0.0040750 
0.0059233 0.0040746 
0.0059237 0.0040743 
0.0059241 0.0040739 
0.0059245 0.0040735 
0.0059249 0.0040731 
0.0059252 0.0040728 
0.0059256 0.0040724 
0.0059260 0.0040720 
0.0059264 0.0040717 
0.0059267 0.0040713 
0.0059271 0.0040710 
0.0059275 0.0040706 
0.0059278 0.0040703 
0.0059282 0.0040699 
0.0059285 0.0040696 
0.0059289 0.0040692 
0.0059293 0.0040689 
0.0059296 0.0040685 
0.0059300 0.0040682 
0.0059303 0.0040678 
0.0059307 0.0040675 
0.0059310 0.0040672 
0.0059314 0.0040668 
0.0059317 0.0040665 
0.0059320 0.0040662 
0.0059324 0.0040658 
0.0059327 0.0040655 
0.0059331 0.0040652 
0.0059334 0.0040648 
0.0059337 0.0040645 
0.0059341 0.0040642 
0.0059344 0.0040639 
0.0059347 0.0040636 
0.0059350 0.0040632 
0.0059354 0.0040629 
0.0059357 0.0040626 
0.0059360 0.0040623 
0.0059363 0.0040620 
0.0059367 0.0040617 
0.0059370 0.0040614 
0.0059373 0.0040611 
0.0059376 0.0040608 
0.0059379 0.0040605 
0.0059382 0.0040601 
0.0059385 0.0040598 
0.0059388 0.0040595 
0.0059391 0.0040593 
0.0059395 0.0040590 
0.0059398 0.0040587 
0.0059401 0.0040584 
0.0059404 0.0040581 
0.0059407 0.0040578 
0.0059410 0.0040575 
0.0059412 0.0040572 
0.0059415 0.0040569 
0.0059418 0.0040566 
0.0059421 0.0040564 
0.0059424 0.0040561 
0.0059427 0.0040558 
0.0059430 0.0040555 
0.0059433 0.0040552 
0.0059436 0.0040550 
0.0059438 0.0040547 
0.0059441 0.0040544 
0.0059444 0.0040541 
0.0059447 0.0040539 
0.0059450 0.0040536 
0.0059452 0.0040533 
0.0059455 0.0040531 
0.0059458 0.0040528 
0.0059461 0.0040525 
0.0059463 0.0040523 
0.0059466 0.0040520 
0.0059469 0.0040518 
0.0059471 0.0040515 
0.0059474 0.0040512 
0.0059476 0.0040510 
0.0059479 0.0040507 
0.0059482 0.0040505 
0.0059484 0.0040502 
0.0059487 0.0040500 
0.0059489 0.0040497 
0.0059492 0.0040495 
0.0059495 0.0040492 
0.0059497 0.0040490 
0.0059500 0.0040488 
0.0059502 0.0040485 
0.0059505 0.0040483 
0.0059507 0.0040480 
0.0059510 0.0040478 
0.0059512 0.0040475 
0.0059514 0.0040473 
0.0059517 0.0040471 
0.0059519 0.0040468 
0.0059522 0.0040466 
0.0059524 0.0040464 
0.0059526 0.0040461 
0.0059529 0.0040459 
0.0059531 0.0040457 
0.0059534 0.0040455 
0.0059536 0.0040452 
0.0059538 0.0040450 
0.0059540 0.0040448 
0.0059543 0.0040446 
0.0059545 0.0040443 
0.0059547 0.0040441 
0.0059550 0.0040439 
0.0059552 0.0040437 
0.0059554 0.0040435 
0.0059556 0.0040432 
0.0059559 0.0040430 
0.0059561 0.0040428 
0.0059563 0.0040426 
0.0059565 0.0040424 
0.0059567 0.0040422 
0.0059569 0.0040420 
0.0059572 0.0040418 
0.0059574 0.0040416 
0.0059576 0.0040413 
0.0059578 0.0040411 
0.0059580 0.0040409 
0.0059582 0.0040407 
0.0059584 0.0040405 
0.0059586 0.0040403 
0.0059588 0.0040401 
0.0059591 0.0040399 
0.0059593 0.0040397 
0.0059595 0.0040395 
0.0059597 0.0040393 
0.0059599 0.0040391 
0.0059601 0.0040389 
0.0059603 0.0040388 
0.0059605 0.0040386 
0.0059607 0.0040384 
0.0059609 0.0040382 
0.0059611 0.0040380 
0.0059612 0.0040378 
0.0059614 0.0040376 
0.0059616 0.0040374 
0.0059618 0.0040372 
0.0059620 0.0040371 
0.0059622 0.0040369 
0.0059624 0.0040367 
0.0059626 0.0040365 
0.0059628 0.0040363 
0.0059630 0.0040361 
0.0059631 0.0040360 
0.0059633 0.0040358 
0.0059635 0.0040356 
0.0059637 0.0040354 
0.0059639 0.0040353 
0.0059640 0.0040351 
0.0059642 0.0040349 
0.0059644 0.0040347 
0.0059646 0.0040346 
0.0059648 0.0040344 
0.0059649 0.0040342 
0.0059651 0.0040340 
0.0059653 0.0040339 
0.0059655 0.0040337 
0.0059656 0.0040335 
0.0059658 0.0040334 
0.0059660 0.0040332 
0.0059661 0.0040330 
0.0059663 0.0040329 
0.0059665 0.0040327 
0.0059666 0.0040326 
0.0059668 0.0040324 
0.0059670 0.0040322 
0.0059671 0.0040321 
0.0059673 0.0040319 
0.0059675 0.0040318 
0.0059676 0.0040316 
0.0059678 0.0040314 
0.0059680 0.0040313 
0.0059681 0.0040311 
0.0059683 0.0040310 
0.0059684 0.0040308 
0.0059686 0.0040307 
0.0059687 0.0040305 
0.0059689 0.0040304 
0.0059691 0.0040302 
0.0059692 0.0040301 
0.0059694 0.0040299 
0.0059695 0.0040298 
0.0059697 0.0040296 
0.0059698 0.0040295 
0.0059700 0.0040293 
0.0059701 0.0040292 
0.0059703 0.0040290 
0.0059704 0.0040289 
0.0059706 0.0040288 
0.0059707 0.0040286 
0.0059709 0.0040285 
0.0059710 0.0040283 
0.0059712 0.0040282 
0.0059713 0.0040281 
0.0059714 0.0040279 
0.0059716 0.0040278 
0.0059717 0.0040276 
0.0059719 0.0040275 
0.0059720 0.0040274 
0.0059721 0.0040272 
0.0059723 0.0040271 
0.0059724 0.0040270 
0.0059726 0.0040268 
0.0059727 0.0040267 
0.0059728 0.0040266 
0.0059730 0.0040264 
0.0059731 0.0040263 
0.0059732 0.0040262 
0.0059734 0.0040260 
0.0059735 0.0040259 
0.0059736 0.0040258 
0.0059738 0.0040257 
0.0059739 0.0040255 
0.0059740 0.0040254 
0.0059742 0.0040253 
0.0059743 0.0040252 
0.0059744 0.0040250 
0.0059745 0.0040249 
0.0059747 0.0040248 
0.0059748 0.0040247 
0.0059749 0.0040245 
0.0059750 0.0040244 
0.0059752 0.0040243 
0.0059753 0.0040242 
0.0059754 0.0040241 
0.0059755 0.0040239 
0.0059757 0.0040238 
0.0059758 0.0040237 
0.0059759 0.0040236 
0.0059760 0.0040235 
0.0059761 0.0040234 
0.0059763 0.0040232 
0.0059764 0.0040231 
0.0059765 0.0040230 
0.0059766 0.0040229 
0.0059767 0.0040228 
0.0059768 0.0040227 
0.0059770 0.0040226 
0.0059771 0.0040224 
0.0059772 0.0040223 
0.0059773 0.0040222 
0.0059774 0.0040221 
0.0059775 0.0040220 
0.0059776 0.0040219 
0.0059778 0.0040218 
0.0059779 0.0040217 
0.0059780 0.0040216 
0.0059781 0.0040215 
0.0059782 0.0040214 
0.0059783 0.0040213 
0.0059784 0.0040212 
0.0059785 0.0040210 
0.0059786 0.0040209 
0.0059787 0.0040208 
0.0059788 0.0040207 
