0.0020000 0.0020000 
0.0020000 0.0020000 
0.0020008 0.0019993 
0.0020024 0.0019982 
0.0020049 0.0019969 
0.0020082 0.0019957 
0.0020122 0.0019945 
0.0020170 0.0019934 
0.0020226 0.0019923 
0.0020287 0.0019912 
0.0020356 0.0019901 
0.0020429 0.0019890 
0.0020508 0.0019879 
0.0020591 0.0019867 
0.0020679 0.0019855 
0.0020770 0.0019842 
0.0020864 0.0019830 
0.0020961 0.0019819 
0.0021060 0.0019808 
0.0021161 0.0019798 
0.0021264 0.0019789 
0.0021368 0.0019781 
0.0021473 0.0019774 
0.0021579 0.0019769 
0.0021685 0.0019766 
0.0021793 0.0019763 
0.0021900 0.0019763 
0.0022007 0.0019763 
0.0022115 0.0019765 
0.0022223 0.0019768 
0.0022330 0.0019773 
0.0022438 0.0019778 
0.0022545 0.0019784 
0.0022652 0.0019791 
0.0022759 0.0019799 
0.0022867 0.0019808 
0.0022974 0.0019817 
0.0023081 0.0019826 
0.0023188 0.0019836 
0.0023295 0.0019846 
0.0023402 0.0019857 
0.0023509 0.0019868 
0.0023616 0.0019879 
0.0023724 0.0019891 
0.0023832 0.0019902 
0.0023940 0.0019914 
0.0024048 0.0019926 
0.0024157 0.0019939 
0.0024265 0.0019952 
0.0024375 0.0019964 
0.0024484 0.0019978 
0.0024595 0.0019991 
0.0024705 0.0020005 
0.0024816 0.0020019 
0.0024928 0.0020033 
0.0025040 0.0020048 
0.0025152 0.0020063 
0.0025265 0.0020078 
0.0025378 0.0020094 
0.0025492 0.0020110 
0.0025607 0.0020127 
0.0025722 0.0020144 
0.0025837 0.0020161 
0.0025953 0.0020179 
0.0026069 0.0020198 
0.0026186 0.0020217 
0.0026304 0.0020236 
0.0026421 0.0020256 
0.0026540 0.0020277 
0.0026658 0.0020298 
0.0026778 0.0020320 
0.0026897 0.0020342 
0.0027017 0.0020365 
0.0027138 0.0020388 
0.0027259 0.0020412 
0.0027380 0.0020437 
0.0027502 0.0020462 
0.0027624 0.0020487 
0.0027747 0.0020514 
0.0027869 0.0020540 
0.0027993 0.0020568 
0.0028116 0.0020596 
0.0028240 0.0020625 
0.0028365 0.0020654 
0.0028489 0.0020684 
0.0028614 0.0020714 
0.0028740 0.0020745 
0.0028865 0.0020777 
0.0028991 0.0020809 
0.0029117 0.0020842 
0.0029244 0.0020875 
0.0029371 0.0020909 
0.0029498 0.0020944 
0.0029625 0.0020979 
0.0029753 0.0021015 
0.0029881 0.0021051 
0.0030009 0.0021088 
0.0030138 0.0021126 
0.0030266 0.0021164 
0.0030395 0.0021203 
0.0030524 0.0021242 
0.0030654 0.0021282 
0.0030783 0.0021323 
0.0030913 0.0021364 
0.0031043 0.0021406 
0.0031173 0.0021448 
0.0031303 0.0021491 
0.0031434 0.0021535 
0.0031565 0.0021579 
0.0031695 0.0021624 
0.0031826 0.0021669 
0.0031957 0.0021715 
0.0032089 0.0021762 
0.0032220 0.0021809 
0.0032351 0.0021857 
0.0032483 0.0021906 
0.0032614 0.0021955 
0.0032746 0.0022005 
0.0032878 0.0022055 
0.0033010 0.0022106 
0.0033141 0.0022158 
0.0033273 0.0022210 
0.0033405 0.0022262 
0.0033537 0.0022316 
0.0033669 0.0022370 
0.0033801 0.0022424 
0.0033933 0.0022479 
0.0034065 0.0022535 
0.0034197 0.0022591 
0.0034328 0.0022648 
0.0034460 0.0022706 
0.0034592 0.0022764 
0.0034723 0.0022823 
0.0034855 0.0022882 
0.0034986 0.0022942 
0.0035117 0.0023002 
0.0035249 0.0023063 
0.0035380 0.0023124 
0.0035510 0.0023186 
0.0035641 0.0023249 
0.0035772 0.0023312 
0.0035902 0.0023376 
0.0036032 0.0023440 
0.0036162 0.0023505 
0.0036292 0.0023570 
0.0036421 0.0023636 
0.0036551 0.0023702 
0.0036680 0.0023769 
0.0036808 0.0023837 
0.0036937 0.0023904 
0.0037065 0.0023973 
0.0037193 0.0024042 
0.0037321 0.0024111 
0.0037448 0.0024181 
0.0037575 0.0024251 
0.0037702 0.0024322 
0.0037828 0.0024393 
0.0037954 0.0024465 
0.0038080 0.0024537 
0.0038205 0.0024610 
0.0038330 0.0024683 
0.0038454 0.0024756 
0.0038578 0.0024830 
0.0038702 0.0024905 
0.0038825 0.0024979 
0.0038948 0.0025055 
0.0039071 0.0025130 
0.0039193 0.0025206 
0.0039314 0.0025283 
0.0039435 0.0025359 
0.0039556 0.0025436 
0.0039676 0.0025514 
0.0039795 0.0025592 
0.0039914 0.0025670 
0.0040033 0.0025748 
0.0040151 0.0025827 
0.0040269 0.0025906 
0.0040386 0.0025986 
0.0040502 0.0026066 
0.0040618 0.0026146 
0.0040734 0.0026226 
0.0040848 0.0026307 
0.0040963 0.0026388 
0.0041076 0.0026469 
0.0041190 0.0026551 
0.0041302 0.0026633 
0.0041414 0.0026715 
0.0041526 0.0026797 
0.0041636 0.0026880 
0.0041746 0.0026962 
0.0041856 0.0027045 
0.0041965 0.0027128 
0.0042073 0.0027212 
0.0042181 0.0027296 
0.0042288 0.0027379 
0.0042394 0.0027463 
0.0042500 0.0027548 
0.0042605 0.0027632 
0.0042710 0.0027716 
0.0042813 0.0027801 
0.0042917 0.0027886 
0.0043019 0.0027971 
0.0043121 0.0028056 
0.0043222 0.0028141 
0.0043323 0.0028226 
0.0043422 0.0028312 
0.0043522 0.0028398 
0.0043620 0.0028483 
0.0043718 0.0028569 
0.0043815 0.0028655 
0.0043911 0.0028741 
0.0044007 0.0028827 
0.0044102 0.0028913 
0.0044196 0.0028999 
0.0044290 0.0029085 
0.0044383 0.0029171 
0.0044475 0.0029258 
0.0044566 0.0029344 
0.0044657 0.0029430 
0.0044747 0.0029516 
0.0044837 0.0029603 
0.0044926 0.0029689 
0.0045014 0.0029776 
0.0045101 0.0029862 
0.0045187 0.0029948 
0.0045273 0.0030035 
0.0045358 0.0030121 
0.0045443 0.0030207 
0.0045527 0.0030294 
0.0045610 0.0030380 
0.0045692 0.0030466 
0.0045774 0.0030552 
0.0045855 0.0030638 
0.0045935 0.0030724 
0.0046015 0.0030810 
0.0046093 0.0030896 
0.0046172 0.0030982 
0.0046249 0.0031068 
0.0046326 0.0031153 
0.0046402 0.0031239 
0.0046477 0.0031324 
0.0046552 0.0031410 
0.0046626 0.0031495 
0.0046699 0.0031580 
0.0046772 0.0031665 
0.0046844 0.0031750 
0.0046915 0.0031835 
0.0046986 0.0031920 
0.0047055 0.0032005 
0.0047125 0.0032089 
0.0047193 0.0032173 
0.0047261 0.0032258 
0.0047328 0.0032342 
0.0047395 0.0032426 
0.0047461 0.0032509 
0.0047526 0.0032593 
0.0047590 0.0032676 
0.0047654 0.0032760 
0.0047717 0.0032843 
0.0047780 0.0032926 
0.0047842 0.0033008 
0.0047903 0.0033091 
0.0047964 0.0033174 
0.0048024 0.0033256 
0.0048083 0.0033338 
0.0048142 0.0033420 
0.0048200 0.0033501 
0.0048257 0.0033583 
0.0048314 0.0033664 
0.0048370 0.0033745 
0.0048426 0.0033826 
0.0048481 0.0033907 
0.0048535 0.0033988 
0.0048589 0.0034068 
0.0048642 0.0034148 
0.0048695 0.0034228 
0.0048747 0.0034308 
0.0048798 0.0034387 
0.0048849 0.0034466 
0.0048899 0.0034545 
0.0048949 0.0034624 
0.0048998 0.0034703 
0.0049047 0.0034781 
0.0049094 0.0034859 
0.0049142 0.0034937 
0.0049189 0.0035015 
0.0049235 0.0035092 
0.0049280 0.0035169 
0.0049326 0.0035246 
0.0049370 0.0035323 
0.0049414 0.0035400 
0.0049458 0.0035476 
0.0049501 0.0035552 
0.0049543 0.0035628 
0.0049585 0.0035703 
0.0049626 0.0035778 
0.0049667 0.0035853 
0.0049708 0.0035928 
0.0049747 0.0036003 
0.0049787 0.0036077 
0.0049825 0.0036151 
0.0049864 0.0036225 
0.0049902 0.0036298 
0.0049939 0.0036371 
0.0049976 0.0036444 
0.0050012 0.0036517 
0.0050048 0.0036589 
0.0050083 0.0036662 
0.0050118 0.0036734 
0.0050153 0.0036805 
0.0050187 0.0036877 
0.0050220 0.0036948 
0.0050253 0.0037019 
0.0050286 0.0037089 
0.0050318 0.0037160 
0.0050350 0.0037230 
0.0050381 0.0037300 
0.0050412 0.0037369 
0.0050442 0.0037438 
0.0050472 0.0037507 
0.0050502 0.0037576 
0.0050531 0.0037645 
0.0050560 0.0037713 
0.0050588 0.0037781 
0.0050616 0.0037848 
0.0050643 0.0037916 
0.0050670 0.0037983 
0.0050697 0.0038050 
0.0050723 0.0038116 
0.0050749 0.0038183 
0.0050774 0.0038249 
0.0050800 0.0038314 
0.0050824 0.0038380 
0.0050849 0.0038445 
0.0050872 0.0038510 
0.0050896 0.0038575 
0.0050919 0.0038639 
0.0050942 0.0038703 
0.0050965 0.0038767 
0.0050987 0.0038831 
0.0051008 0.0038894 
0.0051030 0.0038957 
0.0051051 0.0039020 
0.0051072 0.0039082 
0.0051092 0.0039144 
0.0051112 0.0039206 
0.0051132 0.0039268 
0.0051151 0.0039329 
0.0051170 0.0039391 
0.0051189 0.0039451 
0.0051207 0.0039512 
0.0051226 0.0039572 
0.0051243 0.0039632 
0.0051261 0.0039692 
0.0051278 0.0039752 
0.0051295 0.0039811 
0.0051311 0.0039870 
0.0051328 0.0039928 
0.0051344 0.0039987 
0.0051359 0.0040045 
0.0051375 0.0040103 
0.0051390 0.0040161 
0.0051405 0.0040218 
0.0051419 0.0040275 
0.0051433 0.0040332 
0.0051447 0.0040388 
0.0051461 0.0040445 
0.0051475 0.0040501 
0.0051488 0.0040556 
0.0051501 0.0040612 
0.0051513 0.0040667 
0.0051526 0.0040722 
0.0051538 0.0040777 
0.0051550 0.0040831 
0.0051562 0.0040885 
0.0051573 0.0040939 
0.0051584 0.0040993 
0.0051595 0.0041046 
0.0051606 0.0041099 
0.0051616 0.0041152 
0.0051627 0.0041205 
0.0051637 0.0041257 
0.0051646 0.0041309 
0.0051656 0.0041361 
0.0051665 0.0041413 
0.0051674 0.0041464 
0.0051683 0.0041515 
0.0051692 0.0041566 
0.0051701 0.0041617 
0.0051709 0.0041667 
0.0051717 0.0041717 
0.0051725 0.0041767 
0.0051732 0.0041816 
0.0051740 0.0041866 
0.0051747 0.0041915 
0.0051754 0.0041964 
0.0051761 0.0042012 
0.0051768 0.0042060 
0.0051774 0.0042109 
0.0051781 0.0042156 
0.0051787 0.0042204 
0.0051793 0.0042251 
0.0051799 0.0042298 
0.0051804 0.0042345 
0.0051810 0.0042392 
0.0051815 0.0042438 
0.0051820 0.0042484 
0.0051825 0.0042530 
0.0051830 0.0042576 
0.0051834 0.0042621 
0.0051839 0.0042667 
0.0051843 0.0042712 
0.0051847 0.0042756 
0.0051851 0.0042801 
0.0051855 0.0042845 
0.0051859 0.0042889 
0.0051862 0.0042933 
0.0051866 0.0042976 
0.0051869 0.0043020 
0.0051872 0.0043063 
0.0051875 0.0043106 
0.0051878 0.0043148 
0.0051881 0.0043191 
0.0051883 0.0043233 
0.0051885 0.0043275 
0.0051888 0.0043316 
0.0051890 0.0043358 
0.0051892 0.0043399 
0.0051894 0.0043440 
0.0051896 0.0043481 
0.0051897 0.0043522 
0.0051899 0.0043562 
0.0051900 0.0043602 
0.0051901 0.0043642 
0.0051903 0.0043682 
0.0051904 0.0043722 
0.0051905 0.0043761 
0.0051905 0.0043800 
0.0051906 0.0043839 
0.0051907 0.0043878 
0.0051907 0.0043916 
0.0051908 0.0043954 
0.0051908 0.0043992 
0.0051908 0.0044030 
0.0051908 0.0044068 
0.0051908 0.0044105 
0.0051908 0.0044142 
0.0051908 0.0044179 
0.0051907 0.0044216 
0.0051907 0.0044253 
0.0051907 0.0044289 
0.0051906 0.0044325 
0.0051905 0.0044361 
0.0051905 0.0044397 
0.0051904 0.0044433 
0.0051903 0.0044468 
0.0051902 0.0044503 
0.0051901 0.0044538 
0.0051899 0.0044573 
0.0051898 0.0044608 
0.0051897 0.0044642 
0.0051895 0.0044676 
0.0051894 0.0044710 
0.0051892 0.0044744 
0.0051891 0.0044778 
0.0051889 0.0044811 
0.0051887 0.0044845 
0.0051885 0.0044878 
0.0051883 0.0044910 
0.0051881 0.0044943 
0.0051879 0.0044976 
0.0051877 0.0045008 
0.0051875 0.0045040 
0.0051872 0.0045072 
0.0051870 0.0045104 
0.0051868 0.0045135 
0.0051865 0.0045167 
0.0051863 0.0045198 
0.0051860 0.0045229 
0.0051857 0.0045260 
0.0051855 0.0045291 
0.0051852 0.0045321 
0.0051849 0.0045352 
0.0051846 0.0045382 
0.0051843 0.0045412 
0.0051840 0.0045441 
0.0051837 0.0045471 
0.0051834 0.0045501 
0.0051831 0.0045530 
0.0051828 0.0045559 
0.0051824 0.0045588 
0.0051821 0.0045617 
0.0051818 0.0045645 
0.0051814 0.0045674 
0.0051811 0.0045702 
0.0051807 0.0045730 
0.0051804 0.0045758 
0.0051800 0.0045786 
0.0051797 0.0045814 
0.0051793 0.0045841 
0.0051789 0.0045868 
0.0051786 0.0045895 
0.0051782 0.0045922 
0.0051778 0.0045949 
0.0051773 0.0045975 
0.0051769 0.0046001 
0.0051765 0.0046026 
0.0051760 0.0046051 
0.0051755 0.0046075 
0.0051751 0.0046099 
0.0051746 0.0046123 
0.0051741 0.0046146 
0.0051736 0.0046168 
0.0051730 0.0046190 
0.0051725 0.0046211 
0.0051720 0.0046232 
0.0051715 0.0046252 
0.0051710 0.0046271 
0.0051705 0.0046290 
0.0051700 0.0046308 
0.0051695 0.0046325 
0.0051691 0.0046342 
0.0051686 0.0046358 
0.0051682 0.0046374 
0.0051678 0.0046389 
0.0051674 0.0046403 
0.0051671 0.0046417 
0.0051667 0.0046431 
0.0051664 0.0046443 
0.0051661 0.0046456 
0.0051659 0.0046468 
0.0051657 0.0046479 
0.0051655 0.0046490 
0.0051653 0.0046500 
0.0051652 0.0046510 
0.0051651 0.0046520 
0.0051650 0.0046529 
0.0051650 0.0046538 
0.0051650 0.0046547 
0.0051650 0.0046555 
0.0051651 0.0046563 
0.0051652 0.0046570 
0.0051653 0.0046577 
0.0051654 0.0046584 
0.0051656 0.0046591 
0.0051657 0.0046597 
0.0051659 0.0046603 
0.0051662 0.0046609 
0.0051664 0.0046615 
0.0051667 0.0046620 
0.0051670 0.0046625 
0.0051673 0.0046630 
0.0051676 0.0046635 
0.0051680 0.0046639 
0.0051683 0.0046643 
0.0051687 0.0046647 
0.0051691 0.0046651 
0.0051695 0.0046654 
0.0051699 0.0046658 
0.0051703 0.0046660 
0.0051708 0.0046663 
0.0051712 0.0046665 
0.0051717 0.0046667 
0.0051721 0.0046669 
0.0051726 0.0046671 
0.0051731 0.0046672 
0.0051736 0.0046673 
0.0051741 0.0046674 
0.0051746 0.0046674 
0.0051751 0.0046674 
0.0051757 0.0046674 
0.0051762 0.0046674 
0.0051768 0.0046673 
0.0051774 0.0046672 
0.0051780 0.0046671 
0.0051786 0.0046669 
0.0051792 0.0046667 
0.0051798 0.0046665 
0.0051804 0.0046662 
0.0051811 0.0046660 
0.0051817 0.0046656 
0.0051824 0.0046653 
0.0051831 0.0046649 
0.0051838 0.0046646 
0.0051846 0.0046641 
0.0051853 0.0046637 
0.0051861 0.0046632 
0.0051868 0.0046627 
0.0051876 0.0046622 
0.0051884 0.0046616 
0.0051892 0.0046611 
0.0051901 0.0046605 
0.0051909 0.0046598 
0.0051918 0.0046592 
0.0051927 0.0046585 
0.0051936 0.0046578 
0.0051945 0.0046571 
0.0051954 0.0046564 
0.0051964 0.0046556 
0.0051974 0.0046548 
0.0051983 0.0046540 
0.0051993 0.0046532 
0.0052003 0.0046524 
0.0052014 0.0046515 
0.0052024 0.0046506 
0.0052035 0.0046497 
0.0052045 0.0046488 
0.0052056 0.0046479 
0.0052067 0.0046469 
0.0052078 0.0046459 
0.0052089 0.0046449 
0.0052101 0.0046439 
0.0052112 0.0046429 
0.0052124 0.0046418 
0.0052136 0.0046407 
0.0052147 0.0046397 
0.0052159 0.0046386 
0.0052172 0.0046374 
0.0052184 0.0046363 
0.0052196 0.0046351 
0.0052209 0.0046340 
0.0052221 0.0046328 
0.0052234 0.0046315 
0.0052247 0.0046303 
0.0052260 0.0046291 
0.0052273 0.0046278 
0.0052286 0.0046265 
0.0052299 0.0046252 
0.0052312 0.0046239 
0.0052326 0.0046226 
0.0052339 0.0046212 
0.0052353 0.0046199 
0.0052367 0.0046185 
0.0052381 0.0046171 
0.0052395 0.0046157 
0.0052409 0.0046142 
0.0052423 0.0046128 
0.0052437 0.0046113 
0.0052452 0.0046098 
0.0052466 0.0046083 
0.0052481 0.0046068 
0.0052496 0.0046053 
0.0052511 0.0046038 
0.0052526 0.0046022 
0.0052541 0.0046006 
0.0052556 0.0045990 
0.0052572 0.0045974 
0.0052587 0.0045958 
0.0052603 0.0045942 
0.0052618 0.0045925 
0.0052634 0.0045909 
0.0052650 0.0045892 
0.0052666 0.0045875 
0.0052682 0.0045858 
0.0052698 0.0045841 
0.0052715 0.0045823 
0.0052731 0.0045806 
0.0052748 0.0045788 
0.0052764 0.0045771 
0.0052781 0.0045753 
0.0052798 0.0045735 
0.0052815 0.0045717 
0.0052832 0.0045698 
0.0052849 0.0045680 
0.0052866 0.0045662 
0.0052884 0.0045643 
0.0052901 0.0045624 
0.0052919 0.0045605 
0.0052937 0.0045586 
0.0052954 0.0045567 
0.0052972 0.0045548 
0.0052990 0.0045529 
0.0053008 0.0045509 
0.0053026 0.0045490 
0.0053045 0.0045470 
0.0053063 0.0045451 
0.0053081 0.0045431 
0.0053100 0.0045411 
0.0053119 0.0045391 
0.0053137 0.0045370 
0.0053156 0.0045350 
0.0053175 0.0045330 
0.0053194 0.0045309 
0.0053213 0.0045289 
0.0053232 0.0045268 
0.0053251 0.0045247 
0.0053271 0.0045226 
0.0053290 0.0045205 
0.0053310 0.0045184 
0.0053329 0.0045163 
0.0053349 0.0045141 
0.0053369 0.0045120 
0.0053388 0.0045098 
0.0053408 0.0045077 
0.0053428 0.0045055 
0.0053449 0.0045033 
0.0053469 0.0045011 
0.0053489 0.0044989 
0.0053509 0.0044967 
0.0053530 0.0044945 
0.0053550 0.0044923 
0.0053571 0.0044900 
0.0053592 0.0044878 
0.0053612 0.0044855 
0.0053633 0.0044833 
0.0053654 0.0044810 
0.0053675 0.0044787 
0.0053696 0.0044764 
0.0053717 0.0044741 
0.0053739 0.0044718 
0.0053760 0.0044695 
0.0053781 0.0044672 
0.0053803 0.0044648 
0.0053824 0.0044625 
0.0053846 0.0044601 
0.0053868 0.0044578 
0.0053889 0.0044554 
0.0053911 0.0044530 
0.0053933 0.0044507 
0.0053955 0.0044483 
0.0053977 0.0044459 
0.0053999 0.0044435 
0.0054022 0.0044411 
0.0054044 0.0044386 
0.0054066 0.0044362 
0.0054089 0.0044338 
0.0054111 0.0044313 
0.0054134 0.0044289 
0.0054156 0.0044264 
0.0054179 0.0044240 
0.0054202 0.0044215 
0.0054225 0.0044190 
0.0054248 0.0044166 
0.0054271 0.0044141 
0.0054294 0.0044116 
0.0054317 0.0044091 
0.0054340 0.0044066 
0.0054363 0.0044041 
0.0054387 0.0044015 
0.0054410 0.0043990 
0.0054434 0.0043965 
0.0054457 0.0043939 
0.0054481 0.0043914 
0.0054504 0.0043888 
0.0054528 0.0043863 
0.0054552 0.0043837 
0.0054576 0.0043811 
0.0054600 0.0043786 
0.0054624 0.0043760 
0.0054648 0.0043734 
0.0054672 0.0043708 
0.0054696 0.0043682 
0.0054720 0.0043656 
0.0054745 0.0043630 
0.0054770 0.0043605 
0.0054794 0.0043579 
0.0054819 0.0043553 
0.0054845 0.0043528 
0.0054870 0.0043503 
0.0054895 0.0043477 
0.0054921 0.0043452 
0.0054947 0.0043428 
0.0054973 0.0043403 
0.0054999 0.0043379 
0.0055025 0.0043355 
0.0055051 0.0043331 
0.0055077 0.0043307 
0.0055103 0.0043284 
0.0055129 0.0043261 
0.0055155 0.0043238 
0.0055181 0.0043215 
0.0055207 0.0043193 
0.0055233 0.0043171 
0.0055259 0.0043149 
0.0055285 0.0043127 
0.0055310 0.0043106 
0.0055336 0.0043085 
0.0055361 0.0043064 
0.0055386 0.0043043 
0.0055411 0.0043023 
0.0055436 0.0043003 
0.0055460 0.0042983 
0.0055485 0.0042963 
0.0055509 0.0042943 
0.0055533 0.0042924 
0.0055556 0.0042904 
0.0055580 0.0042885 
0.0055603 0.0042866 
0.0055626 0.0042847 
0.0055649 0.0042828 
0.0055671 0.0042810 
0.0055694 0.0042791 
0.0055716 0.0042772 
0.0055738 0.0042754 
0.0055760 0.0042736 
0.0055782 0.0042717 
0.0055803 0.0042699 
0.0055825 0.0042681 
0.0055846 0.0042663 
0.0055867 0.0042645 
0.0055888 0.0042627 
0.0055909 0.0042609 
0.0055930 0.0042591 
0.0055950 0.0042573 
0.0055971 0.0042555 
0.0055992 0.0042538 
0.0056012 0.0042520 
0.0056032 0.0042503 
0.0056053 0.0042485 
0.0056073 0.0042468 
0.0056093 0.0042451 
0.0056113 0.0042434 
0.0056134 0.0042416 
0.0056154 0.0042399 
0.0056174 0.0042383 
0.0056194 0.0042366 
0.0056213 0.0042349 
0.0056233 0.0042332 
0.0056253 0.0042316 
0.0056273 0.0042300 
0.0056293 0.0042283 
0.0056312 0.0042267 
0.0056332 0.0042251 
0.0056351 0.0042235 
0.0056371 0.0042219 
0.0056390 0.0042204 
0.0056410 0.0042188 
0.0056429 0.0042173 
0.0056448 0.0042157 
0.0056467 0.0042142 
0.0056487 0.0042127 
0.0056506 0.0042112 
0.0056524 0.0042097 
0.0056543 0.0042082 
0.0056562 0.0042068 
0.0056581 0.0042053 
0.0056599 0.0042039 
0.0056618 0.0042025 
0.0056636 0.0042010 
0.0056654 0.0041996 
0.0056672 0.0041982 
0.0056690 0.0041968 
0.0056708 0.0041955 
0.0056726 0.0041941 
0.0056744 0.0041927 
0.0056762 0.0041914 
0.0056779 0.0041900 
0.0056797 0.0041887 
0.0056814 0.0041874 
0.0056831 0.0041861 
0.0056848 0.0041848 
0.0056866 0.0041835 
0.0056882 0.0041822 
0.0056899 0.0041809 
0.0056916 0.0041796 
0.0056933 0.0041783 
0.0056949 0.0041771 
0.0056966 0.0041758 
0.0056982 0.0041746 
0.0056999 0.0041733 
0.0057015 0.0041721 
0.0057031 0.0041709 
0.0057047 0.0041697 
0.0057063 0.0041685 
0.0057079 0.0041673 
0.0057095 0.0041661 
0.0057111 0.0041649 
0.0057127 0.0041637 
0.0057142 0.0041625 
0.0057158 0.0041613 
0.0057174 0.0041602 
0.0057189 0.0041590 
0.0057204 0.0041579 
0.0057220 0.0041568 
0.0057235 0.0041556 
0.0057250 0.0041545 
0.0057265 0.0041534 
0.0057280 0.0041523 
0.0057295 0.0041512 
0.0057310 0.0041501 
0.0057325 0.0041490 
0.0057340 0.0041479 
0.0057355 0.0041468 
0.0057369 0.0041458 
0.0057384 0.0041447 
0.0057398 0.0041437 
0.0057413 0.0041426 
0.0057427 0.0041416 
0.0057442 0.0041406 
0.0057456 0.0041396 
0.0057470 0.0041385 
0.0057484 0.0041375 
0.0057498 0.0041365 
0.0057512 0.0041355 
0.0057526 0.0041346 
0.0057540 0.0041336 
0.0057554 0.0041326 
0.0057567 0.0041316 
0.0057581 0.0041307 
0.0057595 0.0041297 
0.0057608 0.0041288 
0.0057621 0.0041278 
0.0057635 0.0041269 
0.0057648 0.0041260 
0.0057661 0.0041251 
0.0057674 0.0041242 
0.0057687 0.0041233 
0.0057700 0.0041223 
0.0057713 0.0041215 
0.0057726 0.0041206 
0.0057739 0.0041197 
0.0057752 0.0041188 
0.0057764 0.0041179 
0.0057777 0.0041171 
0.0057790 0.0041162 
0.0057802 0.0041154 
0.0057814 0.0041145 
0.0057827 0.0041137 
0.0057839 0.0041128 
0.0057851 0.0041120 
0.0057863 0.0041112 
0.0057876 0.0041103 
0.0057888 0.0041095 
0.0057900 0.0041087 
0.0057911 0.0041079 
0.0057923 0.0041071 
0.0057935 0.0041063 
0.0057947 0.0041055 
0.0057959 0.0041047 
0.0057970 0.0041040 
0.0057982 0.0041032 
0.0057993 0.0041024 
0.0058005 0.0041017 
0.0058016 0.0041009 
0.0058027 0.0041001 
0.0058039 0.0040994 
0.0058050 0.0040987 
0.0058061 0.0040979 
0.0058072 0.0040972 
0.0058083 0.0040965 
0.0058094 0.0040957 
0.0058105 0.0040950 
0.0058116 0.0040943 
0.0058127 0.0040936 
0.0058138 0.0040929 
0.0058148 0.0040922 
0.0058159 0.0040915 
0.0058169 0.0040908 
0.0058180 0.0040901 
0.0058191 0.0040895 
0.0058201 0.0040888 
0.0058211 0.0040881 
0.0058222 0.0040875 
0.0058232 0.0040868 
0.0058242 0.0040861 
0.0058252 0.0040855 
0.0058262 0.0040848 
0.0058272 0.0040842 
0.0058282 0.0040836 
0.0058292 0.0040829 
0.0058302 0.0040823 
0.0058312 0.0040817 
0.0058322 0.0040811 
0.0058332 0.0040804 
0.0058341 0.0040798 
0.0058351 0.0040792 
0.0058361 0.0040786 
0.0058370 0.0040780 
0.0058380 0.0040774 
0.0058389 0.0040768 
0.0058398 0.0040762 
0.0058408 0.0040757 
0.0058417 0.0040751 
0.0058426 0.0040745 
0.0058436 0.0040739 
0.0058445 0.0040734 
0.0058454 0.0040728 
0.0058463 0.0040723 
0.0058472 0.0040717 
0.0058481 0.0040712 
0.0058490 0.0040706 
0.0058499 0.0040701 
0.0058507 0.0040695 
0.0058516 0.0040690 
0.0058525 0.0040685 
0.0058533 0.0040679 
0.0058542 0.0040674 
0.0058551 0.0040669 
0.0058559 0.0040664 
0.0058568 0.0040658 
0.0058576 0.0040653 
0.0058584 0.0040648 
0.0058593 0.0040643 
0.0058601 0.0040638 
0.0058609 0.0040633 
0.0058618 0.0040628 
0.0058626 0.0040624 
0.0058634 0.0040619 
0.0058642 0.0040614 
0.0058650 0.0040609 
0.0058658 0.0040604 
0.0058666 0.0040600 
0.0058674 0.0040595 
0.0058682 0.0040590 
0.0058690 0.0040586 
0.0058697 0.0040581 
0.0058705 0.0040577 
0.0058713 0.0040572 
0.0058720 0.0040567 
0.0058728 0.0040563 
0.0058736 0.0040559 
0.0058743 0.0040554 
0.0058751 0.0040550 
0.0058758 0.0040546 
0.0058765 0.0040541 
0.0058773 0.0040537 
0.0058780 0.0040533 
0.0058787 0.0040528 
0.0058795 0.0040524 
0.0058802 0.0040520 
0.0058809 0.0040516 
0.0058816 0.0040512 
0.0058823 0.0040508 
0.0058830 0.0040504 
0.0058837 0.0040500 
0.0058844 0.0040496 
0.0058851 0.0040492 
0.0058858 0.0040488 
0.0058865 0.0040484 
0.0058872 0.0040480 
0.0058879 0.0040476 
0.0058885 0.0040473 
0.0058892 0.0040469 
0.0058899 0.0040465 
0.0058905 0.0040461 
0.0058912 0.0040458 
0.0058918 0.0040454 
0.0058925 0.0040450 
0.0058931 0.0040447 
0.0058938 0.0040443 
0.0058944 0.0040440 
0.0058951 0.0040436 
0.0058957 0.0040433 
0.0058963 0.0040429 
0.0058970 0.0040426 
0.0058976 0.0040422 
0.0058982 0.0040419 
0.0058988 0.0040415 
0.0058994 0.0040412 
0.0059001 0.0040409 
0.0059007 0.0040405 
0.0059013 0.0040402 
0.0059019 0.0040399 
0.0059025 0.0040395 
0.0059031 0.0040392 
0.0059036 0.0040389 
0.0059042 0.0040386 
0.0059048 0.0040383 
0.0059054 0.0040380 
0.0059060 0.0040376 
0.0059065 0.0040373 
0.0059071 0.0040370 
0.0059077 0.0040367 
0.0059082 0.0040364 
0.0059088 0.0040361 
0.0059094 0.0040358 
0.0059099 0.0040355 
0.0059105 0.0040352 
0.0059110 0.0040350 
0.0059116 0.0040347 
0.0059121 0.0040344 
0.0059126 0.0040341 
0.0059132 0.0040338 
0.0059137 0.0040335 
0.0059142 0.0040333 
0.0059148 0.0040330 
0.0059153 0.0040327 
0.0059158 0.0040324 
0.0059163 0.0040322 
0.0059168 0.0040319 
0.0059174 0.0040316 
0.0059179 0.0040314 
0.0059184 0.0040311 
0.0059189 0.0040308 
0.0059194 0.0040306 
0.0059199 0.0040303 
0.0059204 0.0040301 
0.0059209 0.0040298 
0.0059213 0.0040296 
0.0059218 0.0040293 
0.0059223 0.0040291 
0.0059228 0.0040288 
0.0059233 0.0040286 
0.0059238 0.0040283 
0.0059242 0.0040281 
0.0059247 0.0040279 
0.0059252 0.0040276 
0.0059256 0.0040274 
0.0059261 0.0040272 
0.0059265 0.0040269 
0.0059270 0.0040267 
0.0059275 0.0040265 
0.0059279 0.0040262 
0.0059284 0.0040260 
0.0059288 0.0040258 
0.0059292 0.0040256 
0.0059297 0.0040254 
0.0059301 0.0040251 
0.0059306 0.0040249 
0.0059310 0.0040247 
0.0059314 0.0040245 
0.0059319 0.0040243 
0.0059323 0.0040241 
0.0059327 0.0040239 
0.0059331 0.0040237 
0.0059335 0.0040235 
0.0059340 0.0040233 
0.0059344 0.0040231 
0.0059348 0.0040229 
0.0059352 0.0040227 
0.0059356 0.0040225 
0.0059360 0.0040223 
0.0059364 0.0040221 
0.0059368 0.0040219 
0.0059372 0.0040217 
0.0059376 0.0040215 
0.0059380 0.0040213 
0.0059384 0.0040211 
0.0059388 0.0040209 
0.0059392 0.0040208 
0.0059395 0.0040206 
0.0059399 0.0040204 
0.0059403 0.0040202 
0.0059407 0.0040200 
0.0059410 0.0040199 
0.0059414 0.0040197 
0.0059418 0.0040195 
0.0059422 0.0040193 
0.0059425 0.0040192 
0.0059429 0.0040190 
0.0059433 0.0040188 
0.0059436 0.0040187 
0.0059440 0.0040185 
0.0059443 0.0040183 
0.0059447 0.0040182 
0.0059450 0.0040180 
0.0059454 0.0040178 
0.0059457 0.0040177 
0.0059461 0.0040175 
0.0059464 0.0040174 
0.0059468 0.0040172 
0.0059471 0.0040170 
0.0059474 0.0040169 
0.0059478 0.0040167 
0.0059481 0.0040166 
0.0059484 0.0040164 
0.0059488 0.0040163 
0.0059491 0.0040161 
0.0059494 0.0040160 
0.0059497 0.0040158 
0.0059500 0.0040157 
0.0059504 0.0040156 
0.0059507 0.0040154 
0.0059510 0.0040153 
0.0059513 0.0040151 
0.0059516 0.0040150 
0.0059519 0.0040149 
0.0059522 0.0040147 
0.0059526 0.0040146 
0.0059529 0.0040145 
0.0059532 0.0040143 
0.0059535 0.0040142 
0.0059538 0.0040141 
0.0059541 0.0040139 
0.0059543 0.0040138 
0.0059546 0.0040137 
0.0059549 0.0040135 
0.0059552 0.0040134 
0.0059555 0.0040133 
0.0059558 0.0040132 
0.0059561 0.0040130 
0.0059564 0.0040129 
0.0059566 0.0040128 
0.0059569 0.0040127 
0.0059572 0.0040126 
0.0059575 0.0040124 
0.0059578 0.0040123 
0.0059580 0.0040122 
0.0059583 0.0040121 
0.0059586 0.0040120 
0.0059588 0.0040119 
0.0059591 0.0040117 
0.0059594 0.0040116 
0.0059596 0.0040115 
0.0059599 0.0040114 
0.0059602 0.0040113 
0.0059604 0.0040112 
0.0059607 0.0040111 
0.0059609 0.0040110 
0.0059612 0.0040109 
0.0059614 0.0040108 
0.0059617 0.0040107 
0.0059619 0.0040106 
0.0059622 0.0040105 
0.0059624 0.0040103 
0.0059627 0.0040102 
0.0059629 0.0040101 
0.0059632 0.0040100 
0.0059634 0.0040099 
0.0059636 0.0040099 
0.0059639 0.0040098 
0.0059641 0.0040097 
0.0059643 0.0040096 
0.0059646 0.0040095 
0.0059648 0.0040094 
0.0059650 0.0040093 
0.0059653 0.0040092 
0.0059655 0.0040091 
0.0059657 0.0040090 
0.0059659 0.0040089 
0.0059662 0.0040088 
0.0059664 0.0040087 
0.0059666 0.0040086 
0.0059668 0.0040086 
0.0059670 0.0040085 
0.0059673 0.0040084 
0.0059675 0.0040083 
0.0059677 0.0040082 
0.0059679 0.0040081 
0.0059681 0.0040081 
0.0059683 0.0040080 
0.0059685 0.0040079 
0.0059687 0.0040078 
0.0059690 0.0040077 
0.0059692 0.0040076 
0.0059694 0.0040076 
0.0059696 0.0040075 
0.0059698 0.0040074 
0.0059700 0.0040073 
0.0059702 0.0040073 
0.0059704 0.0040072 
0.0059706 0.0040071 
0.0059708 0.0040070 
0.0059709 0.0040070 
0.0059711 0.0040069 
0.0059713 0.0040068 
0.0059715 0.0040067 
0.0059717 0.0040067 
0.0059719 0.0040066 
0.0059721 0.0040065 
0.0059723 0.0040065 
0.0059725 0.0040064 
0.0059726 0.0040063 
0.0059728 0.0040063 
0.0059730 0.0040062 
0.0059732 0.0040061 
0.0059734 0.0040061 
0.0059735 0.0040060 
0.0059737 0.0040059 
0.0059739 0.0040059 
0.0059741 0.0040058 
0.0059742 0.0040057 
0.0059744 0.0040057 
0.0059746 0.0040056 
0.0059747 0.0040055 
0.0059749 0.0040055 
0.0059751 0.0040054 
0.0059753 0.0040054 
0.0059754 0.0040053 
0.0059756 0.0040052 
0.0059757 0.0040052 
0.0059759 0.0040051 
0.0059761 0.0040051 
0.0059762 0.0040050 
0.0059764 0.0040050 
0.0059766 0.0040049 
0.0059767 0.0040048 
0.0059769 0.0040048 
0.0059770 0.0040047 
0.0059772 0.0040047 
0.0059773 0.0040046 
0.0059775 0.0040046 
0.0059776 0.0040045 
0.0059778 0.0040045 
0.0059779 0.0040044 
0.0059781 0.0040044 
0.0059782 0.0040043 
0.0059784 0.0040043 
0.0059785 0.0040042 
0.0059787 0.0040042 
0.0059788 0.0040041 
0.0059790 0.0040041 
0.0059791 0.0040040 
0.0059792 0.0040040 
0.0059794 0.0040039 
0.0059795 0.0040039 
0.0059797 0.0040038 
0.0059798 0.0040038 
0.0059799 0.0040037 
0.0059801 0.0040037 
0.0059802 0.0040036 
0.0059803 0.0040036 
0.0059805 0.0040036 
0.0059806 0.0040035 
0.0059807 0.0040035 
0.0059809 0.0040034 
0.0059810 0.0040034 
0.0059811 0.0040033 
0.0059813 0.0040033 
0.0059814 0.0040033 
0.0059815 0.0040032 
0.0059816 0.0040032 
0.0059818 0.0040031 
0.0059819 0.0040031 
0.0059820 0.0040031 
0.0059821 0.0040030 
0.0059823 0.0040030 
0.0059824 0.0040029 
0.0059825 0.0040029 
0.0059826 0.0040029 
0.0059827 0.0040028 
0.0059829 0.0040028 
0.0059830 0.0040027 
0.0059831 0.0040027 
0.0059832 0.0040027 
0.0059833 0.0040026 
0.0059834 0.0040026 
0.0059836 0.0040026 
0.0059837 0.0040025 
0.0059838 0.0040025 
0.0059839 0.0040025 
0.0059840 0.0040024 
0.0059841 0.0040024 
0.0059842 0.0040024 
0.0059843 0.0040023 
0.0059844 0.0040023 
0.0059846 0.0040023 
0.0059847 0.0040022 
0.0059848 0.0040022 
0.0059849 0.0040022 
0.0059850 0.0040021 
0.0059851 0.0040021 
0.0059852 0.0040021 
0.0059853 0.0040020 
0.0059854 0.0040020 
0.0059855 0.0040020 
0.0059856 0.0040020 
0.0059857 0.0040019 
0.0059858 0.0040019 
0.0059859 0.0040019 
0.0059860 0.0040018 
0.0059861 0.0040018 
0.0059862 0.0040018 
0.0059863 0.0040018 
0.0059864 0.0040017 
0.0059865 0.0040017 
0.0059866 0.0040017 
0.0059867 0.0040016 
0.0059868 0.0040016 
0.0059869 0.0040016 
0.0059869 0.0040016 
0.0059870 0.0040015 
0.0059871 0.0040015 
0.0059872 0.0040015 
0.0059873 0.0040015 
0.0059874 0.0040014 
0.0059875 0.0040014 
0.0059876 0.0040014 
0.0059877 0.0040014 
0.0059877 0.0040013 
0.0059878 0.0040013 
0.0059879 0.0040013 
0.0059880 0.0040013 
0.0059881 0.0040013 
0.0059882 0.0040012 
0.0059883 0.0040012 
0.0059883 0.0040012 
0.0059884 0.0040012 
0.0059885 0.0040011 
0.0059886 0.0040011 
0.0059887 0.0040011 
0.0059887 0.0040011 
0.0059888 0.0040011 
0.0059889 0.0040010 
0.0059890 0.0040010 
0.0059891 0.0040010 
0.0059891 0.0040010 
0.0059892 0.0040010 
0.0059893 0.0040009 
0.0059894 0.0040009 
0.0059894 0.0040009 
0.0059895 0.0040009 
0.0059896 0.0040009 
0.0059897 0.0040008 
0.0059897 0.0040008 
0.0059898 0.0040008 
0.0059899 0.0040008 
0.0059900 0.0040008 
0.0059900 0.0040008 
0.0059901 0.0040007 
