0.0020000 0.0020000 -1.8716730 1.5874448 
0.0020000 0.0020000 -1.8716730 1.5874448 
0.0020000 0.0020000 -2.1199563 1.2947323 
0.0020000 0.0020000 -2.2854888 1.0995953 
0.0020047 0.0020050 -2.3585322 1.0135080 
0.0020187 0.0020201 -2.3802183 0.9879528 
0.0020442 0.0020481 -2.3835323 0.9838175 
0.0020813 0.0020892 -2.3796864 0.9875873 
0.0021285 0.0021419 -2.3698344 0.9978688 
0.0021833 0.0022031 -2.3540831 1.0146937 
0.0022426 0.0022693 -2.3338165 1.0366272 
0.0023041 0.0023375 -2.3110805 1.0615656 
0.0023658 0.0024052 -2.2877254 1.0875012 
0.0024266 0.0024709 -2.2649961 1.1130610 
0.0024860 0.0025340 -2.2435632 1.1374670 
0.0025438 0.0025941 -2.2237010 1.1603234 
0.0025999 0.0026512 -2.2054482 1.1815870 
0.0026544 0.0027056 -2.1887486 1.2012584 
0.0027074 0.0027573 -2.1734886 1.2194144 
0.0027589 0.0028067 -2.1595368 1.2361646 
0.0028091 0.0028537 -2.1467586 1.2516024 
0.0028581 0.0028987 -2.1350183 1.2659165 
0.0029058 0.0029417 -2.1242096 1.2792082 
0.0029523 0.0029829 -2.1142330 1.2915788 
0.0029978 0.0030223 -2.1049991 1.3031188 
0.0030423 0.0030602 -2.0964284 1.3138827 
0.0030858 0.0030965 -2.0884438 1.3240052 
0.0031284 0.0031315 -2.0809927 1.3335387 
0.0031700 0.0031651 -2.0740252 1.3425351 
0.0032108 0.0031974 -2.0674970 1.3510382 
0.0032508 0.0032286 -2.0613673 1.3590642 
0.0032900 0.0032586 -2.0555923 1.3667074 
0.0033284 0.0032876 -2.0501480 1.3739892 
0.0033661 0.0033156 -2.0450087 1.3809345 
0.0034030 0.0033426 -2.0401506 1.3875626 
0.0034393 0.0033687 -2.0355511 1.3938706 
0.0034748 0.0033940 -2.0311821 1.3999320 
0.0035097 0.0034185 -2.0270326 1.4057537 
0.0035439 0.0034422 -2.0230880 1.4113464 
0.0035774 0.0034652 -2.0193346 1.4167188 
0.0036104 0.0034875 -2.0157585 1.4218580 
0.0036427 0.0035091 -2.0123396 1.4268273 
0.0036744 0.0035301 -2.0090730 1.4316270 
0.0037054 0.0035505 -2.0059502 1.4362600 
0.0037359 0.0035704 -2.0029631 1.4407301 
0.0037658 0.0035897 -2.0001020 1.4450191 
0.0037951 0.0036086 -1.9973516 1.4491844 
0.0038239 0.0036269 -1.9947106 1.4532218 
0.0038521 0.0036448 -1.9921738 1.4571321 
0.0038797 0.0036622 -1.9897356 1.4609152 
0.0039068 0.0036793 -1.9873900 1.4645510 
0.0039333 0.0036960 -1.9851240 1.4680930 
0.0039593 0.0037122 -1.9829385 1.4715348 
0.0039848 0.0037282 -1.9808302 1.4748757 
0.0040098 0.0037438 -1.9787958 1.4781131 
0.0040342 0.0037591 -1.9768306 1.4812260 
0.0040581 0.0037741 -1.9749237 1.4842653 
0.0040816 0.0037888 -1.9730772 1.4872241 
0.0041045 0.0038032 -1.9712892 1.4901006 
0.0041270 0.0038174 -1.9695574 1.4928901 
0.0041489 0.0038313 -1.9678788 1.4955720 
0.0041704 0.0038450 -1.9662434 1.4981956 
0.0041915 0.0038585 -1.9646542 1.5007522 
0.0042120 0.0038717 -1.9631101 1.5032399 
0.0042322 0.0038848 -1.9616100 1.5056541 
0.0042518 0.0038977 -1.9601511 1.5079728 
0.0042711 0.0039103 -1.9587249 1.5102447 
0.0042899 0.0039229 -1.9573348 1.5124611 
0.0043083 0.0039352 -1.9559802 1.5146185 
0.0043262 0.0039474 -1.9546607 1.5167123 
0.0043438 0.0039594 -1.9533741 1.5187211 
0.0043609 0.0039713 -1.9521124 1.5206920 
0.0043777 0.0039830 -1.9508793 1.5226159 
0.0043940 0.0039946 -1.9496750 1.5244901 
0.0044100 0.0040061 -1.9484990 1.5263088 
0.0044256 0.0040175 -1.9473498 1.5280502 
0.0044409 0.0040287 -1.9462199 1.5297610 
0.0044558 0.0040398 -1.9451132 1.5314329 
0.0044703 0.0040508 -1.9440299 1.5330611 
0.0044845 0.0040617 -1.9429703 1.5346417 
0.0044983 0.0040725 -1.9419332 1.5361524 
0.0045118 0.0040832 -1.9409111 1.5376387 
0.0045250 0.0040938 -1.9399080 1.5390917 
0.0045379 0.0041042 -1.9389248 1.5405078 
0.0045504 0.0041146 -1.9379617 1.5418818 
0.0045627 0.0041249 -1.9370177 1.5431919 
0.0045746 0.0041351 -1.9360855 1.5444827 
0.0045863 0.0041452 -1.9351695 1.5457462 
0.0045977 0.0041552 -1.9342705 1.5469776 
0.0046088 0.0041652 -1.9333889 1.5481719 
0.0046196 0.0041750 -1.9325238 1.5493077 
0.0046302 0.0041848 -1.9316683 1.5504291 
0.0046405 0.0041944 -1.9308267 1.5515277 
0.0046505 0.0042040 -1.9299998 1.5525991 
0.0046603 0.0042135 -1.9291885 1.5536376 
0.0046698 0.0042230 -1.9283916 1.5546224 
0.0046791 0.0042323 -1.9276026 1.5555964 
0.0046882 0.0042416 -1.9268259 1.5565509 
0.0046971 0.0042508 -1.9260621 1.5574826 
0.0047057 0.0042599 -1.9253122 1.5583858 
0.0047141 0.0042689 -1.9245753 1.5592387 
0.0047223 0.0042779 -1.9238449 1.5600847 
0.0047303 0.0042867 -1.9231253 1.5609151 
0.0047381 0.0042955 -1.9224174 1.5617257 
0.0047457 0.0043043 -1.9217221 1.5625107 
0.0047531 0.0043129 -1.9210387 1.5632497 
0.0047603 0.0043215 -1.9203607 1.5639844 
0.0047674 0.0043300 -1.9196925 1.5647067 
0.0047742 0.0043384 -1.9190351 1.5654118 
0.0047809 0.0043467 -1.9183891 1.5660948 
0.0047874 0.0043550 -1.9177541 1.5667343 
0.0047938 0.0043632 -1.9171234 1.5673721 
0.0048000 0.0043713 -1.9165019 1.5679998 
0.0048060 0.0043793 -1.9158901 1.5686133 
0.0048119 0.0043873 -1.9152889 1.5692071 
0.0048176 0.0043951 -1.9146980 1.5697604 
0.0048232 0.0044030 -1.9141109 1.5703143 
0.0048286 0.0044107 -1.9135319 1.5708606 
0.0048339 0.0044183 -1.9129621 1.5713948 
0.0048391 0.0044259 -1.9124023 1.5719113 
0.0048441 0.0044334 -1.9118519 1.5723892 
0.0048490 0.0044409 -1.9113047 1.5728700 
0.0048538 0.0044482 -1.9107651 1.5733451 
0.0048584 0.0044555 -1.9102339 1.5738097 
0.0048629 0.0044627 -1.9097121 1.5742584 
0.0048673 0.0044699 -1.9091992 1.5746715 
0.0048716 0.0044769 -1.9086890 1.5750889 
0.0048758 0.0044839 -1.9081858 1.5755024 
0.0048799 0.0044909 -1.9076908 1.5759071 
0.0048839 0.0044977 -1.9072044 1.5762975 
0.0048877 0.0045045 -1.9067265 1.5766540 
0.0048915 0.0045112 -1.9062507 1.5770161 
0.0048952 0.0045178 -1.9057814 1.5773753 
0.0048987 0.0045244 -1.9053197 1.5777276 
0.0049022 0.0045309 -1.9048665 1.5780668 
0.0049056 0.0045373 -1.9044211 1.5783734 
0.0049089 0.0045436 -1.9039774 1.5786870 
0.0049121 0.0045499 -1.9035398 1.5789990 
0.0049152 0.0045561 -1.9031093 1.5793056 
0.0049183 0.0045622 -1.9026870 1.5796012 
0.0049212 0.0045683 -1.9022721 1.5798646 
0.0049241 0.0045743 -1.9018586 1.5801357 
0.0049269 0.0045802 -1.9014506 1.5804071 
0.0049296 0.0045861 -1.9010494 1.5806738 
0.0049323 0.0045919 -1.9006557 1.5809300 
0.0049349 0.0045976 -1.9002693 1.5811557 
0.0049374 0.0046033 -1.8998839 1.5813907 
0.0049398 0.0046089 -1.8995038 1.5816265 
0.0049422 0.0046144 -1.8991301 1.5818586 
0.0049445 0.0046199 -1.8987637 1.5820811 
0.0049468 0.0046252 -1.8984040 1.5822741 
0.0049490 0.0046306 -1.8980451 1.5824769 
0.0049511 0.0046358 -1.8976911 1.5826814 
0.0049532 0.0046410 -1.8973432 1.5828835 
0.0049552 0.0046462 -1.8970020 1.5830767 
0.0049572 0.0046513 -1.8966675 1.5832413 
0.0049591 0.0046563 -1.8963332 1.5834159 
0.0049609 0.0046612 -1.8960036 1.5835930 
0.0049627 0.0046661 -1.8956798 1.5837686 
0.0049645 0.0046709 -1.8953626 1.5839354 
0.0049662 0.0046757 -1.8950515 1.5840747 
0.0049678 0.0046804 -1.8947406 1.5842252 
0.0049694 0.0046851 -1.8944340 1.5843788 
0.0049710 0.0046896 -1.8941329 1.5845311 
0.0049725 0.0046942 -1.8938379 1.5846756 
0.0049739 0.0046987 -1.8935490 1.5847932 
0.0049754 0.0047031 -1.8932598 1.5849222 
0.0049768 0.0047074 -1.8929747 1.5850550 
0.0049781 0.0047117 -1.8926948 1.5851870 
0.0049794 0.0047160 -1.8924210 1.5853117 
0.0049807 0.0047202 -1.8921528 1.5854104 
0.0049819 0.0047243 -1.8918841 1.5855211 
0.0049831 0.0047284 -1.8916192 1.5856358 
0.0049843 0.0047324 -1.8913592 1.5857499 
0.0049854 0.0047364 -1.8911049 1.5858575 
0.0049865 0.0047403 -1.8908560 1.5859395 
0.0049875 0.0047442 -1.8906065 1.5860339 
0.0049885 0.0047480 -1.8903606 1.5861324 
0.0049895 0.0047518 -1.8901192 1.5862314 
0.0049905 0.0047555 -1.8898834 1.5863239 
0.0049914 0.0047591 -1.8896527 1.5863911 
0.0049923 0.0047628 -1.8894212 1.5864711 
0.0049932 0.0047663 -1.8891931 1.5865558 
0.0049941 0.0047698 -1.8889692 1.5866416 
0.0049949 0.0047733 -1.8887508 1.5867212 
0.0049957 0.0047767 -1.8885373 1.5867757 
0.0049964 0.0047801 -1.8883226 1.5868433 
0.0049972 0.0047834 -1.8881110 1.5869160 
0.0049979 0.0047867 -1.8879035 1.5869893 
0.0049986 0.0047900 -1.8877012 1.5870574 
0.0049993 0.0047931 -1.8875035 1.5871010 
0.0049999 0.0047963 -1.8873045 1.5871580 
0.0050005 0.0047994 -1.8871084 1.5872202 
0.0050011 0.0048025 -1.8869164 1.5872830 
0.0050017 0.0048055 -1.8867292 1.5873417 
0.0050023 0.0048085 -1.8865466 1.5873758 
0.0050028 0.0048114 -1.8863624 1.5874231 
0.0050033 0.0048143 -1.8861809 1.5874761 
0.0050038 0.0048171 -1.8860031 1.5875300 
0.0050043 0.0048200 -1.8858302 1.5875793 
0.0050048 0.0048227 -1.8856615 1.5876054 
0.0050053 0.0048255 -1.8854910 1.5876443 
0.0050057 0.0048281 -1.8853232 1.5876895 
0.0050061 0.0048308 -1.8851588 1.5877359 
0.0050065 0.0048334 -1.8849990 1.5877776 
0.0050069 0.0048360 -1.8848433 1.5877961 
0.0050073 0.0048385 -1.8846859 1.5878282 
0.0050076 0.0048410 -1.8845307 1.5878661 
0.0050080 0.0048435 -1.8843789 1.5879059 
0.0050083 0.0048459 -1.8842316 1.5879414 
0.0050086 0.0048483 -1.8840880 1.5879531 
0.0050089 0.0048507 -1.8839425 1.5879790 
0.0050092 0.0048530 -1.8837991 1.5880109 
0.0050095 0.0048553 -1.8836590 1.5880444 
0.0050097 0.0048576 -1.8835231 1.5880738 
0.0050100 0.0048598 -1.8833910 1.5880805 
0.0050102 0.0048620 -1.8832568 1.5881010 
0.0050105 0.0048642 -1.8831246 1.5881276 
0.0050107 0.0048663 -1.8829954 1.5881562 
0.0050109 0.0048684 -1.8828703 1.5881810 
0.0050111 0.0048705 -1.8827488 1.5881829 
0.0050113 0.0048725 -1.8826251 1.5881987 
0.0050114 0.0048745 -1.8825032 1.5882208 
0.0050116 0.0048765 -1.8823842 1.5882452 
0.0050118 0.0048785 -1.8822691 1.5882654 
0.0050119 0.0048804 -1.8821576 1.5882629 
0.0050121 0.0048823 -1.8820435 1.5882750 
0.0050122 0.0048841 -1.8819312 1.5882931 
0.0050123 0.0048860 -1.8818216 1.5883135 
0.0050124 0.0048878 -1.8817160 1.5883300 
0.0050125 0.0048896 -1.8816137 1.5883243 
0.0050127 0.0048913 -1.8815087 1.5883327 
0.0050127 0.0048930 -1.8814054 1.5883472 
0.0050128 0.0048948 -1.8813046 1.5883645 
0.0050129 0.0048964 -1.8812077 1.5883781 
0.0050130 0.0048981 -1.8811139 1.5883690 
0.0050131 0.0048997 -1.8810174 1.5883743 
0.0050131 0.0049013 -1.8809224 1.5883863 
0.0050132 0.0049029 -1.8808300 1.5884006 
0.0050132 0.0049044 -1.8807412 1.5884115 
0.0050133 0.0049060 -1.8806554 1.5884002 
0.0050133 0.0049075 -1.8805667 1.5884031 
0.0050133 0.0049090 -1.8804795 1.5884126 
0.0050134 0.0049104 -1.8803947 1.5884247 
0.0050134 0.0049119 -1.8803134 1.5884331 
0.0050134 0.0049133 -1.8802351 1.5884197 
0.0050134 0.0049147 -1.8801538 1.5884205 
0.0050134 0.0049160 -1.8800738 1.5884281 
0.0050134 0.0049174 -1.8799962 1.5884380 
0.0050134 0.0049187 -1.8799219 1.5884446 
0.0050134 0.0049200 -1.8798504 1.5884291 
0.0050134 0.0049213 -1.8797759 1.5884280 
0.0050134 0.0049226 -1.8797027 1.5884330 
0.0050134 0.0049239 -1.8796316 1.5884411 
0.0050134 0.0049251 -1.8795638 1.5884459 
0.0050134 0.0049263 -1.8794988 1.5884290 
0.0050133 0.0049275 -1.8794308 1.5884261 
0.0050133 0.0049287 -1.8793637 1.5884302 
0.0050133 0.0049298 -1.8792988 1.5884371 
0.0050132 0.0049310 -1.8792371 1.5884407 
0.0050132 0.0049321 -1.8791780 1.5884223 
0.0050132 0.0049332 -1.8791158 1.5884182 
0.0050131 0.0049343 -1.8790547 1.5884211 
0.0050131 0.0049354 -1.8789954 1.5884269 
0.0050130 0.0049364 -1.8789393 1.5884295 
0.0050130 0.0049374 -1.8788859 1.5884101 
0.0050129 0.0049385 -1.8788290 1.5884053 
0.0050129 0.0049395 -1.8787732 1.5884072 
0.0050128 0.0049405 -1.8787193 1.5884116 
0.0050128 0.0049414 -1.8786684 1.5884130 
0.0050127 0.0049424 -1.8786201 1.5883924 
0.0050126 0.0049433 -1.8785684 1.5883869 
0.0050126 0.0049443 -1.8785175 1.5883880 
0.0050125 0.0049452 -1.8784686 1.5883920 
0.0050124 0.0049461 -1.8784226 1.5883926 
0.0050124 0.0049470 -1.8783791 1.5883713 
0.0050123 0.0049478 -1.8783320 1.5883645 
0.0050122 0.0049487 -1.8782858 1.5883650 
0.0050122 0.0049495 -1.8782414 1.5883684 
0.0050121 0.0049504 -1.8781998 1.5883688 
0.0050120 0.0049512 -1.8781606 1.5883471 
0.0050119 0.0049520 -1.8781179 1.5883394 
0.0050119 0.0049528 -1.8780760 1.5883393 
0.0050118 0.0049536 -1.8780359 1.5883422 
0.0050117 0.0049543 -1.8779985 1.5883418 
0.0050116 0.0049551 -1.8779634 1.5883199 
0.0050115 0.0049558 -1.8779248 1.5883125 
0.0050115 0.0049566 -1.8778868 1.5883118 
0.0050114 0.0049573 -1.8778505 1.5883144 
0.0050113 0.0049580 -1.8778170 1.5883135 
0.0050112 0.0049587 -1.8777858 1.5882913 
0.0050111 0.0049594 -1.8777509 1.5882834 
0.0050111 0.0049600 -1.8777167 1.5882827 
0.0050110 0.0049607 -1.8776840 1.5882847 
0.0050109 0.0049614 -1.8776541 1.5882837 
0.0050108 0.0049620 -1.8776264 1.5882610 
0.0050107 0.0049626 -1.8775951 1.5882528 
0.0050106 0.0049633 -1.8775642 1.5882517 
0.0050105 0.0049639 -1.8775350 1.5882534 
0.0050105 0.0049645 -1.8775084 1.5882525 
0.0050104 0.0049651 -1.8774838 1.5882300 
0.0050103 0.0049656 -1.8774557 1.5882217 
0.0050102 0.0049662 -1.8774279 1.5882205 
0.0050101 0.0049668 -1.8774018 1.5882225 
0.0050100 0.0049673 -1.8773782 1.5882214 
0.0050099 0.0049679 -1.8773568 1.5881985 
0.0050098 0.0049684 -1.8773315 1.5881898 
0.0050098 0.0049689 -1.8773067 1.5881888 
0.0050097 0.0049695 -1.8772835 1.5881907 
0.0050096 0.0049700 -1.8772627 1.5881891 
0.0050095 0.0049705 -1.8772440 1.5881664 
0.0050094 0.0049710 -1.8772215 1.5881585 
0.0050093 0.0049715 -1.8771994 1.5881573 
0.0050092 0.0049719 -1.8771788 1.5881591 
0.0050092 0.0049724 -1.8771607 1.5881575 
0.0050091 0.0049729 -1.8771446 1.5881345 
0.0050090 0.0049733 -1.8771247 1.5881265 
0.0050089 0.0049738 -1.8771051 1.5881251 
0.0050088 0.0049742 -1.8770869 1.5881267 
0.0050087 0.0049747 -1.8770711 1.5881253 
0.0050086 0.0049751 -1.8770574 1.5881033 
0.0050086 0.0049755 -1.8770398 1.5880948 
0.0050085 0.0049759 -1.8770225 1.5880939 
0.0050084 0.0049763 -1.8770066 1.5880958 
0.0050083 0.0049767 -1.8769932 1.5880946 
0.0050082 0.0049771 -1.8769816 1.5880718 
0.0050081 0.0049775 -1.8769662 1.5880636 
0.0050081 0.0049779 -1.8769511 1.5880624 
0.0050080 0.0049783 -1.8769373 1.5880642 
0.0050079 0.0049786 -1.8769259 1.5880631 
0.0050078 0.0049790 -1.8769164 1.5880409 
0.0050077 0.0049794 -1.8769031 1.5880331 
0.0050076 0.0049797 -1.8768898 1.5880321 
0.0050076 0.0049800 -1.8768780 1.5880342 
0.0050075 0.0049804 -1.8768685 1.5880332 
0.0050074 0.0049807 -1.8768609 1.5880109 
0.0050073 0.0049810 -1.8768493 1.5880035 
0.0050072 0.0049814 -1.8768380 1.5880028 
0.0050072 0.0049817 -1.8768280 1.5880049 
0.0050071 0.0049820 -1.8768202 1.5880044 
0.0050070 0.0049823 -1.8768144 1.5879822 
0.0050069 0.0049826 -1.8768045 1.5879748 
0.0050069 0.0049829 -1.8767948 1.5879740 
0.0050068 0.0049832 -1.8767864 1.5879765 
0.0050067 0.0049835 -1.8767803 1.5879762 
0.0050066 0.0049838 -1.8767760 1.5879543 
0.0050066 0.0049840 -1.8767676 1.5879470 
0.0050065 0.0049843 -1.8767595 1.5879468 
0.0050064 0.0049846 -1.8767527 1.5879494 
0.0050063 0.0049848 -1.8767482 1.5879493 
0.0050063 0.0049851 -1.8767455 1.5879278 
0.0050062 0.0049854 -1.8767385 1.5879202 
0.0050061 0.0049856 -1.8767319 1.5879195 
0.0050061 0.0049859 -1.8767264 1.5879226 
0.0050060 0.0049861 -1.8767232 1.5879223 
0.0050059 0.0049863 -1.8767217 1.5879010 
0.0050059 0.0049866 -1.8767163 1.5878941 
0.0050058 0.0049868 -1.8767109 1.5878938 
0.0050057 0.0049870 -1.8767066 1.5878967 
0.0050057 0.0049873 -1.8767047 1.5878969 
0.0050056 0.0049875 -1.8767046 1.5878761 
0.0050055 0.0049877 -1.8767003 1.5878690 
0.0050055 0.0049879 -1.8766961 1.5878689 
0.0050054 0.0049881 -1.8766931 1.5878721 
0.0050053 0.0049883 -1.8766924 1.5878726 
0.0050053 0.0049885 -1.8766935 1.5878519 
0.0050052 0.0049887 -1.8766904 1.5878451 
0.0050051 0.0049889 -1.8766873 1.5878457 
0.0050051 0.0049891 -1.8766853 1.5878489 
0.0050050 0.0049893 -1.8766856 1.5878493 
0.0050050 0.0049895 -1.8766876 1.5878286 
0.0050049 0.0049897 -1.8766856 1.5878221 
0.0050048 0.0049898 -1.8766836 1.5878226 
0.0050048 0.0049900 -1.8766828 1.5878263 
0.0050047 0.0049902 -1.8766841 1.5878270 
0.0050047 0.0049904 -1.8766870 1.5878062 
0.0050046 0.0049905 -1.8766860 1.5878003 
0.0050046 0.0049907 -1.8766849 1.5878011 
0.0050045 0.0049908 -1.8766850 1.5878049 
0.0050044 0.0049910 -1.8766873 1.5878057 
0.0050044 0.0049912 -1.8766912 1.5877858 
0.0050043 0.0049913 -1.8766910 1.5877795 
0.0050043 0.0049915 -1.8766907 1.5877807 
0.0050042 0.0049916 -1.8766917 1.5877848 
0.0050042 0.0049918 -1.8766948 1.5877860 
0.0050041 0.0049919 -1.8766996 1.5877662 
0.0050041 0.0049920 -1.8767002 1.5877600 
0.0050040 0.0049922 -1.8767008 1.5877609 
0.0050040 0.0049923 -1.8767025 1.5877653 
0.0050039 0.0049925 -1.8767064 1.5877665 
0.0050039 0.0049926 -1.8767118 1.5877466 
0.0050038 0.0049927 -1.8767132 1.5877411 
0.0050038 0.0049928 -1.8767145 1.5877426 
0.0050037 0.0049930 -1.8767170 1.5877467 
0.0050037 0.0049931 -1.8767215 1.5877483 
0.0050036 0.0049932 -1.8767278 1.5877284 
0.0050036 0.0049933 -1.8767298 1.5877231 
0.0050035 0.0049934 -1.8767319 1.5877250 
0.0050035 0.0049936 -1.8767351 1.5877296 
0.0050034 0.0049937 -1.8767403 1.5877314 
0.0050034 0.0049938 -1.8767471 1.5877118 
0.0050034 0.0049939 -1.8767498 1.5877067 
0.0050033 0.0049940 -1.8767525 1.5877086 
0.0050033 0.0049941 -1.8767563 1.5877132 
0.0050032 0.0049942 -1.8767622 1.5877149 
0.0050032 0.0049943 -1.8767697 1.5876957 
0.0050032 0.0049944 -1.8767729 1.5876906 
0.0050031 0.0049945 -1.8767761 1.5876927 
0.0050031 0.0049946 -1.8767804 1.5876977 
0.0050030 0.0049947 -1.8767868 1.5876995 
0.0050030 0.0049948 -1.8767948 1.5876805 
0.0050029 0.0049949 -1.8767986 1.5876753 
0.0050029 0.0049950 -1.8768023 1.5876775 
0.0050029 0.0049951 -1.8768072 1.5876827 
0.0050028 0.0049952 -1.8768142 1.5876849 
0.0050028 0.0049952 -1.8768228 1.5876659 
0.0050028 0.0049953 -1.8768270 1.5876614 
0.0050027 0.0049954 -1.8768312 1.5876637 
0.0050027 0.0049955 -1.8768365 1.5876689 
0.0050027 0.0049956 -1.8768439 1.5876716 
0.0050026 0.0049956 -1.8768530 1.5876527 
0.0050026 0.0049957 -1.8768578 1.5876482 
0.0050025 0.0049958 -1.8768625 1.5876505 
0.0050025 0.0049959 -1.8768681 1.5876560 
0.0050025 0.0049959 -1.8768760 1.5876584 
0.0050024 0.0049960 -1.8768854 1.5876400 
0.0050024 0.0049961 -1.8768907 1.5876356 
0.0050024 0.0049962 -1.8768958 1.5876383 
0.0050024 0.0049962 -1.8769020 1.5876440 
0.0050023 0.0049963 -1.8769102 1.5876464 
0.0050023 0.0049964 -1.8769200 1.5876280 
0.0050023 0.0049964 -1.8769255 1.5876236 
0.0050022 0.0049965 -1.8769310 1.5876262 
0.0050022 0.0049965 -1.8769375 1.5876319 
0.0050022 0.0049966 -1.8769461 1.5876348 
0.0050021 0.0049967 -1.8769563 1.5876167 
0.0050021 0.0049967 -1.8769622 1.5876124 
0.0050021 0.0049968 -1.8769680 1.5876154 
0.0050021 0.0049968 -1.8769748 1.5876216 
0.0050020 0.0049969 -1.8769838 1.5876245 
0.0050020 0.0049970 -1.8769943 1.5876065 
0.0050020 0.0049970 -1.8770005 1.5876026 
0.0050019 0.0049971 -1.8770066 1.5876055 
0.0050019 0.0049971 -1.8770138 1.5876113 
0.0050019 0.0049972 -1.8770230 1.5876145 
0.0050019 0.0049972 -1.8770338 1.5875965 
0.0050018 0.0049973 -1.8770404 1.5875925 
0.0050018 0.0049973 -1.8770468 1.5875953 
0.0050018 0.0049974 -1.8770542 1.5876013 
0.0050018 0.0049974 -1.8770638 1.5876045 
0.0050017 0.0049975 -1.8770748 1.5875868 
0.0050017 0.0049975 -1.8770816 1.5875832 
0.0050017 0.0049976 -1.8770883 1.5875864 
0.0050017 0.0049976 -1.8770961 1.5875930 
0.0050016 0.0049976 -1.8771058 1.5875961 
0.0050016 0.0049977 -1.8771172 1.5875784 
0.0050016 0.0049977 -1.8771242 1.5875748 
0.0050016 0.0049978 -1.8771311 1.5875782 
0.0050016 0.0049978 -1.8771391 1.5875846 
0.0050015 0.0049978 -1.8771491 1.5875880 
0.0050015 0.0049979 -1.8771607 1.5875707 
0.0050015 0.0049979 -1.8771679 1.5875667 
0.0050015 0.0049980 -1.8771751 1.5875704 
0.0050015 0.0049980 -1.8771833 1.5875766 
0.0050014 0.0049980 -1.8771936 1.5875800 
0.0050014 0.0049981 -1.8772053 1.5875623 
0.0050014 0.0049981 -1.8772126 1.5875593 
0.0050014 0.0049981 -1.8772200 1.5875627 
0.0050014 0.0049982 -1.8772285 1.5875694 
0.0050013 0.0049982 -1.8772389 1.5875728 
0.0050013 0.0049982 -1.8772508 1.5875553 
0.0050013 0.0049983 -1.8772585 1.5875522 
0.0050013 0.0049983 -1.8772660 1.5875558 
0.0050013 0.0049983 -1.8772746 1.5875626 
0.0050012 0.0049984 -1.8772852 1.5875661 
0.0050012 0.0049984 -1.8772974 1.5875487 
0.0050012 0.0049984 -1.8773053 1.5875458 
0.0050012 0.0049984 -1.8773130 1.5875496 
0.0050012 0.0049985 -1.8773217 1.5875560 
0.0050012 0.0049985 -1.8773324 1.5875598 
0.0050011 0.0049985 -1.8773448 1.5875424 
0.0050011 0.0049986 -1.8773528 1.5875394 
0.0050011 0.0049986 -1.8773607 1.5875430 
0.0050011 0.0049986 -1.8773696 1.5875498 
0.0050011 0.0049986 -1.8773806 1.5875541 
0.0050011 0.0049987 -1.8773930 1.5875367 
0.0050011 0.0049987 -1.8774011 1.5875340 
0.0050010 0.0049987 -1.8774092 1.5875379 
0.0050010 0.0049987 -1.8774182 1.5875448 
0.0050010 0.0049988 -1.8774292 1.5875489 
0.0050010 0.0049988 -1.8774418 1.5875316 
0.0050010 0.0049988 -1.8774500 1.5875285 
0.0050010 0.0049988 -1.8774582 1.5875326 
0.0050010 0.0049988 -1.8774674 1.5875396 
0.0050009 0.0049989 -1.8774786 1.5875437 
0.0050009 0.0049989 -1.8774914 1.5875270 
0.0050009 0.0049989 -1.8774998 1.5875242 
0.0050009 0.0049989 -1.8775082 1.5875281 
0.0050009 0.0049989 -1.8775175 1.5875347 
0.0050009 0.0049989 -1.8775430 1.5875678 
0.0050009 0.0049989 -1.8776013 1.5876338 
0.0050009 0.0049988 -1.8776793 1.5877092 
0.0050010 0.0049987 -1.8777683 1.5877609 
0.0050012 0.0049985 -1.8778597 1.5877831 
0.0050013 0.0049983 -1.8779538 1.5877602 
0.0050016 0.0049980 -1.8780477 1.5876144 
0.0050019 0.0049976 -1.8781135 1.5875272 
0.0050022 0.0049972 -1.8781736 1.5874676 
0.0050026 0.0049967 -1.8782347 1.5874189 
0.0050031 0.0049961 -1.8783125 1.5873158 
0.0050036 0.0049955 -1.8784032 1.5869114 
0.0050042 0.0049948 -1.8784262 1.5867114 
0.0050048 0.0049941 -1.8784435 1.5866112 
0.0050055 0.0049932 -1.8784720 1.5865551 
0.0050062 0.0049924 -1.8785226 1.5864766 
0.0050070 0.0049914 -1.8785896 1.5861951 
0.0050079 0.0049904 -1.8786143 1.5860553 
0.0050088 0.0049894 -1.8786372 1.5859832 
0.0050097 0.0049883 -1.8786687 1.5859401 
0.0050107 0.0049871 -1.8787166 1.5858741 
0.0050118 0.0049859 -1.8787764 1.5856359 
0.0050129 0.0049846 -1.8787991 1.5855166 
0.0050140 0.0049833 -1.8788189 1.5854530 
0.0050152 0.0049820 -1.8788449 1.5854144 
0.0050164 0.0049805 -1.8788847 1.5853521 
0.0050177 0.0049791 -1.8789345 1.5851272 
0.0050190 0.0049776 -1.8789479 1.5850137 
0.0050204 0.0049760 -1.8789580 1.5849543 
0.0050218 0.0049744 -1.8789735 1.5849175 
0.0050233 0.0049728 -1.8789992 1.5848686 
0.0050248 0.0049711 -1.8790321 1.5847156 
0.0050264 0.0049693 -1.8790419 1.5846343 
0.0050279 0.0049676 -1.8790493 1.5845866 
0.0050296 0.0049658 -1.8790594 1.5845532 
0.0050313 0.0049639 -1.8790746 1.5845150 
0.0050330 0.0049620 -1.8790928 1.5844289 
0.0050347 0.0049601 -1.8790997 1.5843755 
0.0050365 0.0049581 -1.8791046 1.5843375 
0.0050383 0.0049561 -1.8791097 1.5843054 
0.0050402 0.0049541 -1.8791152 1.5842742 
0.0050421 0.0049520 -1.8791202 1.5842376 
0.0050441 0.0049499 -1.8791229 1.5842044 
0.0050460 0.0049477 -1.8791237 1.5841722 
0.0050481 0.0049455 -1.8791227 1.5841405 
0.0050501 0.0049433 -1.8791184 1.5841149 
0.0050522 0.0049411 -1.8791109 1.5841229 
0.0050543 0.0049388 -1.8791093 1.5841074 
0.0050565 0.0049365 -1.8791062 1.5840808 
0.0050587 0.0049342 -1.8790996 1.5840490 
0.0050609 0.0049318 -1.8790866 1.5840279 
0.0050632 0.0049294 -1.8790683 1.5840714 
0.0050654 0.0049270 -1.8790622 1.5840701 
0.0050678 0.0049245 -1.8790550 1.5840473 
0.0050701 0.0049221 -1.8790432 1.5840150 
0.0050725 0.0049196 -1.8790227 1.5839975 
0.0050749 0.0049170 -1.8789951 1.5840691 
0.0050773 0.0049145 -1.8789850 1.5840788 
0.0050798 0.0049119 -1.8789742 1.5840590 
0.0050823 0.0049093 -1.8789577 1.5840274 
0.0050848 0.0049067 -1.8789304 1.5840138 
0.0050874 0.0049041 -1.8788947 1.5841135 
0.0050899 0.0049014 -1.8788817 1.5841339 
0.0050926 0.0048987 -1.8788683 1.5841180 
0.0050952 0.0048960 -1.8788484 1.5840867 
0.0050978 0.0048933 -1.8788159 1.5840776 
0.0051005 0.0048905 -1.8787733 1.5842057 
0.0051032 0.0048877 -1.8787590 1.5842377 
0.0051060 0.0048849 -1.8787445 1.5842252 
0.0051087 0.0048821 -1.8787225 1.5841950 
0.0051115 0.0048793 -1.8786860 1.5841907 
0.0051143 0.0048764 -1.8786380 1.5843487 
0.0051171 0.0048736 -1.8786236 1.5843927 
0.0051200 0.0048707 -1.8786094 1.5843844 
0.0051229 0.0048678 -1.8785868 1.5843549 
0.0051258 0.0048649 -1.8785475 1.5843556 
0.0051287 0.0048619 -1.8784955 1.5845428 
0.0051316 0.0048590 -1.8784821 1.5845985 
0.0051346 0.0048560 -1.8784692 1.5845950 
0.0051375 0.0048530 -1.8784471 1.5845666 
0.0051406 0.0048500 -1.8784063 1.5845721 
0.0051436 0.0048470 -1.8783513 1.5847859 
0.0051466 0.0048440 -1.8783398 1.5848531 
0.0051497 0.0048409 -1.8783289 1.5848532 
0.0051527 0.0048379 -1.8783077 1.5848264 
0.0051559 0.0048348 -1.8782663 1.5848364 
0.0051590 0.0048317 -1.8782097 1.5850732 
0.0051621 0.0048286 -1.8782004 1.5851500 
0.0051652 0.0048255 -1.8781917 1.5851538 
0.0051684 0.0048224 -1.8781719 1.5851288 
0.0051716 0.0048192 -1.8781308 1.5851427 
0.0051748 0.0048161 -1.8780736 1.5853982 
0.0051780 0.0048129 -1.8780664 1.5854825 
0.0051813 0.0048098 -1.8780600 1.5854895 
0.0051845 0.0048066 -1.8780419 1.5854664 
0.0051878 0.0048034 -1.8780015 1.5854839 
0.0051911 0.0048002 -1.8779441 1.5857542 
0.0051944 0.0047969 -1.8779392 1.5858452 
0.0051977 0.0047937 -1.8779352 1.5858557 
0.0052010 0.0047905 -1.8779188 1.5858346 
0.0052044 0.0047872 -1.8778796 1.5858557 
0.0052077 0.0047840 -1.8778229 1.5861387 
0.0052111 0.0047807 -1.8778204 1.5862354 
0.0052145 0.0047774 -1.8778186 1.5862490 
0.0052178 0.0047741 -1.8778044 1.5862304 
0.0052213 0.0047708 -1.8777665 1.5862551 
0.0052247 0.0047675 -1.8777107 1.5865494 
0.0052281 0.0047642 -1.8777107 1.5866511 
0.0052316 0.0047609 -1.8777115 1.5866674 
0.0052350 0.0047576 -1.8776994 1.5866508 
0.0052385 0.0047542 -1.8776633 1.5866791 
0.0052420 0.0047509 -1.8776089 1.5869843 
0.0052455 0.0047475 -1.8776115 1.5870911 
0.0052490 0.0047442 -1.8776149 1.5871105 
0.0052525 0.0047408 -1.8776050 1.5870966 
0.0052561 0.0047374 -1.8775707 1.5871290 
0.0052596 0.0047340 -1.8775178 1.5874439 
0.0052632 0.0047306 -1.8775233 1.5875556 
0.0052667 0.0047272 -1.8775294 1.5875778 
0.0052703 0.0047238 -1.8775219 1.5875661 
0.0052739 0.0047204 -1.8774896 1.5876020 
0.0052775 0.0047170 -1.8774383 1.5879265 
0.0052811 0.0047136 -1.8774465 1.5880420 
0.0052847 0.0047102 -1.8774552 1.5880674 
0.0052884 0.0047067 -1.8774501 1.5880581 
0.0052920 0.0047033 -1.8774199 1.5880973 
0.0052957 0.0046998 -1.8773706 1.5884300 
0.0052993 0.0046964 -1.8773814 1.5885501 
0.0053030 0.0046929 -1.8773928 1.5885779 
0.0053066 0.0046894 -1.8773900 1.5885706 
0.0053103 0.0046860 -1.8773619 1.5886130 
0.0053140 0.0046825 -1.8773144 1.5889525 
0.0053177 0.0046790 -1.8773278 1.5890759 
0.0053214 0.0046755 -1.8773415 1.5891064 
0.0053251 0.0046720 -1.8773409 1.5891019 
0.0053289 0.0046685 -1.8773149 1.5891471 
0.0053326 0.0046650 -1.8772694 1.5894928 
0.0053363 0.0046615 -1.8772850 1.5896189 
0.0053401 0.0046580 -1.8773009 1.5896512 
0.0053438 0.0046545 -1.8773023 1.5896487 
0.0053476 0.0046510 -1.8772782 1.5896969 
0.0053513 0.0046475 -1.8772346 1.5900470 
0.0053551 0.0046439 -1.8772523 1.5901759 
0.0053589 0.0046404 -1.8772702 1.5902108 
0.0053627 0.0046369 -1.8772734 1.5902106 
0.0053665 0.0046333 -1.8772511 1.5902616 
0.0053703 0.0046298 -1.8772093 1.5906157 
0.0053741 0.0046262 -1.8772290 1.5907465 
0.0053779 0.0046227 -1.8772486 1.5907829 
0.0053817 0.0046191 -1.8772535 1.5907848 
0.0053855 0.0046155 -1.8772331 1.5908380 
0.0053894 0.0046120 -1.8771930 1.5911961 
0.0053932 0.0046084 -1.8772146 1.5913291 
0.0053970 0.0046048 -1.8772359 1.5913675 
0.0054009 0.0046013 -1.8772423 1.5913711 
0.0054048 0.0045977 -1.8772235 1.5914265 
0.0054086 0.0045941 -1.8771849 1.5917882 
0.0054125 0.0045905 -1.8772080 1.5919230 
0.0054163 0.0045869 -1.8772309 1.5919632 
0.0054202 0.0045833 -1.8772389 1.5919687 
0.0054241 0.0045798 -1.8772216 1.5920266 
0.0054280 0.0045762 -1.8771845 1.5923917 
0.0054319 0.0045726 -1.8772092 1.5925281 
0.0054357 0.0045690 -1.8772334 1.5925697 
0.0054396 0.0045654 -1.8772426 1.5925772 
0.0054436 0.0045617 -1.8772266 1.5926374 
0.0054475 0.0045581 -1.8771908 1.5930058 
0.0054514 0.0045545 -1.8772171 1.5931439 
0.0054553 0.0045509 -1.8772426 1.5931866 
0.0054592 0.0045473 -1.8772529 1.5931953 
0.0054631 0.0045437 -1.8772383 1.5932570 
0.0054671 0.0045400 -1.8772038 1.5936279 
0.0054710 0.0045364 -1.8772312 1.5937670 
0.0054749 0.0045328 -1.8772579 1.5938112 
0.0054789 0.0045292 -1.8772694 1.5938214 
0.0054828 0.0045255 -1.8772558 1.5938855 
0.0054868 0.0045219 -1.8772225 1.5942594 
0.0054907 0.0045183 -1.8772511 1.5943997 
0.0054947 0.0045146 -1.8772788 1.5944448 
0.0054986 0.0045110 -1.8772912 1.5944562 
0.0055026 0.0045073 -1.8772787 1.5945215 
0.0055066 0.0045037 -1.8772465 1.5948982 
0.0055105 0.0045000 -1.8772762 1.5950395 
0.0055145 0.0044964 -1.8773048 1.5950856 
0.0055185 0.0044927 -1.8773179 1.5950981 
0.0055225 0.0044891 -1.8773063 1.5951654 
0.0055264 0.0044854 -1.8772751 1.5955440 
0.0055304 0.0044818 -1.8773057 1.5956863 
0.0055344 0.0044781 -1.8773352 1.5957330 
0.0055384 0.0044745 -1.8773491 1.5957468 
0.0055424 0.0044708 -1.8773384 1.5958149 
0.0055464 0.0044671 -1.8773080 1.5961962 
0.0055504 0.0044635 -1.8773395 1.5963385 
0.0055544 0.0044598 -1.8773696 1.5963864 
0.0055584 0.0044561 -1.8773842 1.5964011 
0.0055624 0.0044525 -1.8773742 1.5964711 
0.0055664 0.0044488 -1.8773446 1.5968540 
0.0055704 0.0044451 -1.8773768 1.5969975 
0.0055744 0.0044415 -1.8774077 1.5970455 
0.0055784 0.0044378 -1.8774227 1.5970608 
0.0055825 0.0044341 -1.8774134 1.5971316 
0.0055865 0.0044304 -1.8773844 1.5975171 
0.0055905 0.0044267 -1.8774174 1.5976615 
0.0055945 0.0044231 -1.8774488 1.5977101 
0.0055986 0.0044194 -1.8774644 1.5977262 
0.0056026 0.0044157 -1.8774557 1.5977982 
0.0056066 0.0044120 -1.8774273 1.5981860 
0.0056107 0.0044083 -1.8774611 1.5983304 
0.0056147 0.0044046 -1.8774930 1.5983793 
0.0056187 0.0044010 -1.8775090 1.5983957 
0.0056228 0.0043973 -1.8775008 1.5984688 
0.0056268 0.0043936 -1.8774729 1.5988591 
0.0056309 0.0043899 -1.8775071 1.5990037 
0.0056349 0.0043862 -1.8775395 1.5990533 
0.0056389 0.0043825 -1.8775560 1.5990703 
0.0056430 0.0043788 -1.8775483 1.5991447 
0.0056471 0.0043751 -1.8775210 1.5995365 
0.0056511 0.0043714 -1.8775558 1.5996814 
0.0056552 0.0043677 -1.8775886 1.5997307 
0.0056592 0.0043640 -1.8776053 1.5997483 
0.0056633 0.0043603 -1.8775980 1.5998232 
0.0056674 0.0043566 -1.8775711 1.6002173 
0.0056714 0.0043529 -1.8776065 1.6003623 
0.0056755 0.0043492 -1.8776397 1.6004119 
0.0056795 0.0043455 -1.8776567 1.6004299 
0.0056836 0.0043418 -1.8776499 1.6005058 
0.0056877 0.0043381 -1.8776234 1.6009021 
0.0056917 0.0043344 -1.8776592 1.6010473 
0.0056958 0.0043307 -1.8776927 1.6010971 
0.0056999 0.0043270 -1.8777099 1.6011151 
0.0057040 0.0043233 -1.8777034 1.6011916 
0.0057080 0.0043195 -1.8776772 1.6015902 
0.0057121 0.0043158 -1.8777136 1.6017349 
0.0057162 0.0043121 -1.8777474 1.6017847 
0.0057202 0.0043084 -1.8777648 1.6018034 
0.0057243 0.0043047 -1.8777586 1.6018808 
0.0057284 0.0043010 -1.8777328 1.6022811 
0.0057325 0.0042973 -1.8777696 1.6024263 
0.0057366 0.0042936 -1.8778036 1.6024759 
0.0057406 0.0042898 -1.8778212 1.6024945 
0.0057447 0.0042861 -1.8778154 1.6025724 
0.0057488 0.0042824 -1.8777897 1.6029750 
0.0057529 0.0042787 -1.8778269 1.6031200 
0.0057570 0.0042750 -1.8778613 1.6031691 
0.0057611 0.0042713 -1.8778790 1.6031877 
0.0057652 0.0042675 -1.8778734 1.6032666 
0.0057693 0.0042638 -1.8778480 1.6036713 
0.0057734 0.0042601 -1.8778856 1.6038163 
0.0057774 0.0042564 -1.8779202 1.6038651 
0.0057815 0.0042526 -1.8779380 1.6038842 
0.0057856 0.0042489 -1.8779190 1.6039281 
0.0057897 0.0042452 -1.8778470 1.6042347 
0.0057937 0.0042416 -1.8777992 1.6042974 
0.0057976 0.0042380 -1.8777217 1.6043093 
0.0058015 0.0042344 -1.8776140 1.6043332 
0.0058054 0.0042309 -1.8774749 1.6044761 
0.0058092 0.0042274 -1.8773117 1.6051033 
0.0058129 0.0042240 -1.8772416 1.6053694 
0.0058165 0.0042206 -1.8771708 1.6055049 
0.0058200 0.0042173 -1.8770797 1.6055999 
0.0058236 0.0042140 -1.8769548 1.6058154 
0.0058270 0.0042108 -1.8767995 1.6066630 
0.0058303 0.0042076 -1.8767700 1.6069993 
0.0058336 0.0042045 -1.8767385 1.6071457 
0.0058368 0.0042014 -1.8766785 1.6072314 
0.0058400 0.0041984 -1.8765807 1.6074065 
0.0058431 0.0041954 -1.8764513 1.6080943 
0.0058461 0.0041924 -1.8764199 1.6083680 
0.0058490 0.0041895 -1.8763853 1.6084905 
0.0058519 0.0041867 -1.8763276 1.6085651 
0.0058548 0.0041838 -1.8762376 1.6087325 
0.0058576 0.0041811 -1.8761200 1.6094161 
0.0058603 0.0041783 -1.8761028 1.6096840 
0.0058630 0.0041756 -1.8760843 1.6097987 
0.0058656 0.0041730 -1.8760437 1.6098660 
0.0058682 0.0041704 -1.8759726 1.6100193 
0.0058707 0.0041678 -1.8758754 1.6106542 
0.0058732 0.0041653 -1.8758713 1.6109014 
0.0058756 0.0041628 -1.8758662 1.6110075 
0.0058779 0.0041604 -1.8758409 1.6110696 
0.0058803 0.0041579 -1.8757887 1.6112046 
0.0058826 0.0041556 -1.8757136 1.6117511 
0.0058848 0.0041532 -1.8757175 1.6119678 
0.0058870 0.0041509 -1.8757207 1.6120639 
0.0058891 0.0041487 -1.8757071 1.6121236 
0.0058912 0.0041464 -1.8756713 1.6122463 
0.0058933 0.0041442 -1.8756162 1.6127194 
0.0058953 0.0041420 -1.8756286 1.6129117 
0.0058973 0.0041399 -1.8756407 1.6130022 
0.0058992 0.0041378 -1.8756391 1.6130614 
0.0059011 0.0041357 -1.8756191 1.6131729 
0.0059030 0.0041337 -1.8755832 1.6135789 
0.0059048 0.0041317 -1.8756038 1.6137494 
0.0059066 0.0041297 -1.8756245 1.6138352 
0.0059083 0.0041278 -1.8756341 1.6138946 
0.0059101 0.0041259 -1.8756285 1.6139979 
0.0059117 0.0041240 -1.8756099 1.6143481 
0.0059134 0.0041221 -1.8756387 1.6145011 
0.0059150 0.0041203 -1.8756678 1.6145829 
0.0059166 0.0041185 -1.8756877 1.6146433 
0.0059181 0.0041167 -1.8756952 1.6147412 
0.0059197 0.0041150 -1.8756918 1.6150492 
0.0059211 0.0041133 -1.8757288 1.6151890 
0.0059226 0.0041116 -1.8757663 1.6152683 
0.0059240 0.0041099 -1.8757960 1.6153291 
0.0059254 0.0041082 -1.8758152 1.6154221 
0.0059268 0.0041066 -1.8758250 1.6156952 
0.0059282 0.0041050 -1.8758696 1.6158243 
0.0059295 0.0041035 -1.8759146 1.6159009 
0.0059308 0.0041019 -1.8759528 1.6159619 
0.0059321 0.0041004 -1.8759822 1.6160507 
0.0059333 0.0040989 -1.8760035 1.6162921 
0.0059345 0.0040974 -1.8760542 1.6164112 
0.0059357 0.0040960 -1.8761051 1.6164858 
0.0059369 0.0040945 -1.8761501 1.6165470 
0.0059381 0.0040931 -1.8761877 1.6166302 
0.0059392 0.0040917 -1.8762186 1.6168405 
0.0059403 0.0040904 -1.8762735 1.6169492 
0.0059414 0.0040890 -1.8763285 1.6170212 
0.0059425 0.0040877 -1.8763787 1.6170825 
0.0059435 0.0040864 -1.8764228 1.6171608 
0.0059445 0.0040851 -1.8764613 1.6173389 
0.0059455 0.0040838 -1.8765186 1.6174370 
0.0059465 0.0040826 -1.8765759 1.6175063 
0.0059475 0.0040814 -1.8766295 1.6175669 
0.0059485 0.0040802 -1.8766781 1.6176398 
0.0059494 0.0040790 -1.8767226 1.6177868 
0.0059503 0.0040778 -1.8767807 1.6178745 
0.0059512 0.0040766 -1.8768389 1.6179409 
0.0059521 0.0040755 -1.8768941 1.6180009 
0.0059529 0.0040744 -1.8769460 1.6180694 
0.0059538 0.0040733 -1.8769947 1.6181877 
0.0059546 0.0040722 -1.8770528 1.6182659 
0.0059554 0.0040711 -1.8771106 1.6183295 
0.0059562 0.0040701 -1.8771665 1.6183887 
0.0059570 0.0040690 -1.8772202 1.6184528 
0.0059578 0.0040680 -1.8772718 1.6185474 
0.0059585 0.0040670 -1.8773290 1.6186174 
0.0059593 0.0040660 -1.8773860 1.6186786 
0.0059600 0.0040650 -1.8774418 1.6187366 
0.0059607 0.0040640 -1.8774962 1.6187967 
0.0059614 0.0040631 -1.8775495 1.6188722 
0.0059621 0.0040622 -1.8776056 1.6189351 
0.0059628 0.0040612 -1.8776613 1.6189935 
0.0059634 0.0040603 -1.8777165 1.6190503 
0.0059641 0.0040594 -1.8777710 1.6191071 
0.0059647 0.0040586 -1.8778249 1.6191680 
0.0059653 0.0040577 -1.8778795 1.6192249 
0.0059659 0.0040568 -1.8779340 1.6192807 
0.0059665 0.0040560 -1.8779881 1.6193357 
0.0059671 0.0040552 -1.8780421 1.6193893 
0.0059677 0.0040544 -1.8780961 1.6194382 
0.0059683 0.0040536 -1.8781489 1.6194905 
0.0059688 0.0040528 -1.8782016 1.6195437 
0.0059694 0.0040520 -1.8782544 1.6195966 
0.0059699 0.0040512 -1.8783075 1.6196465 
0.0059704 0.0040505 -1.8783607 1.6196855 
0.0059710 0.0040497 -1.8784118 1.6197331 
0.0059715 0.0040490 -1.8784626 1.6197834 
0.0059720 0.0040483 -1.8785136 1.6198349 
0.0059724 0.0040475 -1.8785652 1.6198821 
0.0059729 0.0040468 -1.8786173 1.6199123 
0.0059734 0.0040462 -1.8786660 1.6199557 
0.0059739 0.0040455 -1.8787147 1.6200035 
0.0059743 0.0040448 -1.8787638 1.6200522 
0.0059748 0.0040441 -1.8788136 1.6200968 
0.0059752 0.0040435 -1.8788643 1.6201190 
0.0059756 0.0040429 -1.8789107 1.6201580 
0.0059760 0.0040422 -1.8789569 1.6202023 
0.0059765 0.0040416 -1.8790039 1.6202488 
0.0059769 0.0040410 -1.8790518 1.6202899 
0.0059773 0.0040404 -1.8791008 1.6203048 
0.0059777 0.0040398 -1.8791447 1.6203405 
0.0059780 0.0040392 -1.8791883 1.6203830 
0.0059784 0.0040386 -1.8792329 1.6204271 
0.0059788 0.0040381 -1.8792788 1.6204655 
0.0059791 0.0040375 -1.8793259 1.6204742 
0.0059795 0.0040369 -1.8793672 1.6205059 
0.0059799 0.0040364 -1.8794084 1.6205459 
0.0059802 0.0040359 -1.8794506 1.6205883 
0.0059805 0.0040353 -1.8794942 1.6206236 
0.0059809 0.0040348 -1.8795393 1.6206275 
0.0059812 0.0040343 -1.8795781 1.6206563 
0.0059815 0.0040338 -1.8796169 1.6206942 
0.0059818 0.0040333 -1.8796568 1.6207337 
0.0059821 0.0040328 -1.8796983 1.6207671 
0.0059824 0.0040323 -1.8797413 1.6207670 
0.0059827 0.0040319 -1.8797780 1.6207930 
0.0059830 0.0040314 -1.8798146 1.6208280 
0.0059833 0.0040309 -1.8798524 1.6208653 
0.0059836 0.0040305 -1.8798918 1.6208967 
0.0059839 0.0040300 -1.8799328 1.6208937 
0.0059842 0.0040296 -1.8799673 1.6209174 
0.0059844 0.0040292 -1.8800018 1.6209509 
0.0059847 0.0040287 -1.8800373 1.6209865 
0.0059849 0.0040283 -1.8800746 1.6210155 
0.0059852 0.0040279 -1.8801135 1.6210105 
0.0059854 0.0040275 -1.8801461 1.6210322 
0.0059857 0.0040271 -1.8801787 1.6210634 
0.0059859 0.0040267 -1.8802124 1.6210966 
0.0059862 0.0040263 -1.8802478 1.6211243 
0.0059864 0.0040259 -1.8802848 1.6211176 
0.0059866 0.0040255 -1.8803155 1.6211374 
0.0059868 0.0040252 -1.8803462 1.6211666 
0.0059871 0.0040248 -1.8803781 1.6211981 
0.0059873 0.0040244 -1.8804117 1.6212233 
0.0059875 0.0040241 -1.8804469 1.6212157 
0.0059877 0.0040237 -1.8804760 1.6212339 
0.0059879 0.0040234 -1.8805050 1.6212610 
0.0059881 0.0040230 -1.8805351 1.6212909 
0.0059883 0.0040227 -1.8805670 1.6213143 
0.0059885 0.0040224 -1.8806005 1.6213052 
0.0059887 0.0040220 -1.8806279 1.6213219 
0.0059889 0.0040217 -1.8806553 1.6213474 
0.0059891 0.0040214 -1.8806839 1.6213753 
0.0059892 0.0040211 -1.8807142 1.6213974 
0.0059894 0.0040208 -1.8807460 1.6213874 
0.0059896 0.0040205 -1.8807719 1.6214023 
0.0059898 0.0040202 -1.8807977 1.6214263 
0.0059899 0.0040199 -1.8808248 1.6214523 
0.0059901 0.0040196 -1.8808535 1.6214733 
0.0059903 0.0040193 -1.8808839 1.6214623 
0.0059904 0.0040190 -1.8809085 1.6214756 
0.0059906 0.0040187 -1.8809330 1.6214981 
0.0059907 0.0040185 -1.8809588 1.6215230 
0.0059909 0.0040182 -1.8809861 1.6215421 
0.0059910 0.0040179 -1.8810151 1.6215302 
0.0059912 0.0040177 -1.8810383 1.6215428 
0.0059913 0.0040174 -1.8810616 1.6215641 
0.0059915 0.0040172 -1.8810860 1.6215872 
0.0059916 0.0040169 -1.8811121 1.6216050 
0.0059917 0.0040167 -1.8811398 1.6215931 
0.0059919 0.0040164 -1.8811619 1.6216044 
0.0059920 0.0040162 -1.8811841 1.6216242 
0.0059921 0.0040159 -1.8812075 1.6216464 
0.0059923 0.0040157 -1.8812324 1.6216633 
0.0059924 0.0040155 -1.8812588 1.6216505 
0.0059925 0.0040153 -1.8812799 1.6216612 
0.0059926 0.0040150 -1.8813010 1.6216799 
0.0059928 0.0040148 -1.8813233 1.6217009 
0.0059929 0.0040146 -1.8813472 1.6217164 
0.0059930 0.0040144 -1.8813726 1.6217034 
0.0059931 0.0040142 -1.8813927 1.6217130 
0.0059932 0.0040140 -1.8814130 1.6217308 
0.0059933 0.0040138 -1.8814343 1.6217510 
0.0059934 0.0040136 -1.8814572 1.6217656 
0.0059935 0.0040134 -1.8814816 1.6217520 
0.0059937 0.0040132 -1.8815010 1.6217611 
0.0059938 0.0040130 -1.8815204 1.6217777 
0.0059939 0.0040128 -1.8815409 1.6217964 
0.0059940 0.0040126 -1.8815629 1.6218108 
0.0059941 0.0040124 -1.8815863 1.6217972 
0.0059941 0.0040122 -1.8816048 1.6218057 
0.0059942 0.0040121 -1.8816234 1.6218219 
0.0059943 0.0040119 -1.8816432 1.6218399 
0.0059944 0.0040117 -1.8816644 1.6218530 
0.0059945 0.0040116 -1.8816870 1.6218389 
0.0059946 0.0040114 -1.8817048 1.6218464 
0.0059947 0.0040112 -1.8817227 1.6218616 
0.0059948 0.0040111 -1.8817418 1.6218787 
0.0059949 0.0040109 -1.8817623 1.6218911 
0.0059949 0.0040107 -1.8817842 1.6218766 
0.0059950 0.0040106 -1.8818014 1.6218839 
0.0059951 0.0040104 -1.8818185 1.6218981 
0.0059952 0.0040103 -1.8818369 1.6219147 
0.0059953 0.0040101 -1.8818567 1.6219264 
0.0059953 0.0040100 -1.8818779 1.6219118 
0.0059954 0.0040098 -1.8818945 1.6219183 
0.0059955 0.0040097 -1.8819110 1.6219321 
0.0059956 0.0040095 -1.8819288 1.6219478 
0.0059956 0.0040094 -1.8819480 1.6219589 
0.0059957 0.0040093 -1.8819686 1.6219444 
0.0059958 0.0040091 -1.8819846 1.6219499 
0.0059958 0.0040090 -1.8820007 1.6219633 
0.0059959 0.0040089 -1.8820179 1.6219785 
0.0059960 0.0040087 -1.8820366 1.6219894 
0.0059960 0.0040086 -1.8820567 1.6219746 
0.0059961 0.0040085 -1.8820722 1.6219796 
0.0059962 0.0040084 -1.8820878 1.6219921 
0.0059962 0.0040082 -1.8821045 1.6220070 
0.0059963 0.0040081 -1.8821226 1.6220173 
0.0059963 0.0040080 -1.8821422 1.6220021 
0.0059964 0.0040079 -1.8821572 1.6220071 
0.0059964 0.0040078 -1.8821725 1.6220194 
0.0059965 0.0040077 -1.8821887 1.6220332 
0.0059966 0.0040076 -1.8822063 1.6220427 
0.0059966 0.0040074 -1.8822254 1.6220273 
0.0059967 0.0040073 -1.8822401 1.6220322 
0.0059967 0.0040072 -1.8822547 1.6220440 
0.0059968 0.0040071 -1.8822706 1.6220579 
0.0059968 0.0040070 -1.8822879 1.6220672 
0.0059969 0.0040069 -1.8823065 1.6220514 
0.0059969 0.0040068 -1.8823206 1.6220553 
0.0059970 0.0040067 -1.8823351 1.6220670 
0.0059970 0.0040066 -1.8823504 1.6220806 
0.0059971 0.0040065 -1.8823674 1.6220891 
0.0059971 0.0040064 -1.8823856 1.6220732 
0.0059972 0.0040063 -1.8823994 1.6220771 
0.0059972 0.0040062 -1.8824134 1.6220883 
0.0059972 0.0040062 -1.8824285 1.6221013 
0.0059973 0.0040061 -1.8824450 1.6221095 
0.0059973 0.0040060 -1.8824629 1.6220933 
0.0059974 0.0040059 -1.8824763 1.6220965 
0.0059974 0.0040058 -1.8824900 1.6221075 
0.0059975 0.0040057 -1.8825048 1.6221201 
0.0059975 0.0040056 -1.8825210 1.6221284 
0.0059975 0.0040056 -1.8825386 1.6221122 
0.0059976 0.0040055 -1.8825518 1.6221159 
0.0059976 0.0040054 -1.8825651 1.6221260 
0.0059977 0.0040053 -1.8825796 1.6221384 
0.0059977 0.0040052 -1.8825954 1.6221465 
0.0059977 0.0040052 -1.8826127 1.6221297 
0.0059978 0.0040051 -1.8826256 1.6221327 
0.0059978 0.0040050 -1.8826386 1.6221429 
0.0059978 0.0040049 -1.8826528 1.6221551 
0.0059979 0.0040049 -1.8826684 1.6221628 
0.0059979 0.0040048 -1.8826854 1.6221460 
0.0059979 0.0040047 -1.8826981 1.6221488 
0.0059980 0.0040047 -1.8827108 1.6221589 
0.0059980 0.0040046 -1.8827248 1.6221704 
0.0059980 0.0040045 -1.8827400 1.6221781 
0.0059981 0.0040045 -1.8827567 1.6221613 
0.0059981 0.0040044 -1.8827691 1.6221634 
0.0059981 0.0040043 -1.8827816 1.6221728 
0.0059981 0.0040043 -1.8827953 1.6221845 
0.0059982 0.0040042 -1.8828105 1.6221917 
0.0059982 0.0040042 -1.8828269 1.6221746 
0.0059982 0.0040041 -1.8828391 1.6221772 
0.0059983 0.0040040 -1.8828514 1.6221862 
0.0059983 0.0040040 -1.8828648 1.6221977 
0.0059983 0.0040039 -1.8828797 1.6222051 
0.0059983 0.0040039 -1.8828961 1.6221880 
0.0059984 0.0040038 -1.8829079 1.6221902 
0.0059984 0.0040037 -1.8829199 1.6221994 
0.0059984 0.0040037 -1.8829331 1.6222107 
0.0059984 0.0040036 -1.8829478 1.6222175 
0.0059985 0.0040036 -1.8829639 1.6221997 
0.0059985 0.0040035 -1.8829756 1.6222017 
0.0059985 0.0040035 -1.8829875 1.6222107 
0.0059985 0.0040034 -1.8830005 1.6222219 
0.0059986 0.0040034 -1.8830149 1.6222289 
0.0059986 0.0040033 -1.8830308 1.6222111 
0.0059986 0.0040033 -1.8830423 1.6222130 
0.0059986 0.0040032 -1.8830540 1.6222217 
0.0059987 0.0040032 -1.8830668 1.6222328 
0.0059987 0.0040031 -1.8830811 1.6222396 
0.0059987 0.0040031 -1.8830968 1.6222217 
0.0059987 0.0040031 -1.8831083 1.6222234 
0.0059987 0.0040030 -1.8831198 1.6222322 
0.0059988 0.0040030 -1.8831325 1.6222430 
0.0059988 0.0040029 -1.8831465 1.6222497 
0.0059988 0.0040029 -1.8831620 1.6222315 
0.0059988 0.0040028 -1.8831732 1.6222328 
0.0059988 0.0040028 -1.8831847 1.6222415 
0.0059989 0.0040028 -1.8831972 1.6222522 
0.0059989 0.0040027 -1.8832111 1.6222583 
0.0059989 0.0040027 -1.8832264 1.6222403 
0.0059989 0.0040026 -1.8832374 1.6222417 
0.0059989 0.0040026 -1.8832486 1.6222507 
0.0059989 0.0040026 -1.8832608 1.6222612 
0.0059990 0.0040025 -1.8832747 1.6222676 
0.0059990 0.0040025 -1.8832899 1.6222490 
0.0059990 0.0040025 -1.8833009 1.6222507 
0.0059990 0.0040024 -1.8833120 1.6222590 
0.0059990 0.0040024 -1.8833241 1.6222695 
0.0059990 0.0040023 -1.8833379 1.6222757 
0.0059990 0.0040023 -1.8833529 1.6222575 
0.0059991 0.0040023 -1.8833636 1.6222588 
0.0059991 0.0040022 -1.8833746 1.6222670 
0.0059991 0.0040022 -1.8833867 1.6222771 
0.0059991 0.0040022 -1.8834003 1.6222833 
0.0059991 0.0040022 -1.8834153 1.6222647 
0.0059991 0.0040021 -1.8834258 1.6222655 
0.0059992 0.0040021 -1.8834367 1.6222738 
0.0059992 0.0040021 -1.8834486 1.6222841 
0.0059992 0.0040020 -1.8834621 1.6222904 
0.0059992 0.0040020 -1.8834769 1.6222718 
0.0059992 0.0040020 -1.8834873 1.6222731 
0.0059992 0.0040019 -1.8834981 1.6222811 
0.0059992 0.0040019 -1.8835099 1.6222916 
0.0059992 0.0040019 -1.8835232 1.6222975 
0.0059993 0.0040019 -1.8835379 1.6222789 
0.0059993 0.0040018 -1.8835483 1.6222798 
0.0059993 0.0040018 -1.8835589 1.6222880 
0.0059993 0.0040018 -1.8835707 1.6222975 
0.0059993 0.0040018 -1.8835839 1.6223032 
0.0059993 0.0040017 -1.8835984 1.6222847 
0.0059993 0.0040017 -1.8836088 1.6222855 
0.0059993 0.0040017 -1.8836193 1.6222934 
0.0059993 0.0040017 -1.8836310 1.6223034 
0.0059994 0.0040016 -1.8836441 1.6223087 
0.0059994 0.0040016 -1.8836586 1.6222900 
0.0059994 0.0040016 -1.8836688 1.6222911 
0.0059994 0.0040016 -1.8836792 1.6222993 
0.0059994 0.0040015 -1.8836906 1.6223093 
0.0059994 0.0040015 -1.8837036 1.6223150 
0.0059994 0.0040015 -1.8837180 1.6222960 
0.0059994 0.0040015 -1.8837281 1.6222968 
0.0059994 0.0040014 -1.8837384 1.6223046 
0.0059994 0.0040014 -1.8837500 1.6223148 
0.0059995 0.0040014 -1.8837628 1.6223207 
0.0059995 0.0040014 -1.8837773 1.6223013 
0.0059995 0.0040014 -1.8837873 1.6223021 
0.0059995 0.0040013 -1.8837975 1.6223098 
0.0059995 0.0040013 -1.8838089 1.6223197 
0.0059995 0.0040013 -1.8838216 1.6223251 
0.0059995 0.0040013 -1.8838359 1.6223063 
0.0059995 0.0040013 -1.8838459 1.6223069 
0.0059995 0.0040013 -1.8838561 1.6223146 
0.0059995 0.0040012 -1.8838674 1.6223241 
0.0059995 0.0040012 -1.8838801 1.6223290 
0.0059995 0.0040012 -1.8838943 1.6223099 
0.0059996 0.0040012 -1.8839042 1.6223105 
0.0059996 0.0040012 -1.8839144 1.6223184 
0.0059996 0.0040011 -1.8839256 1.6223282 
0.0059996 0.0040011 -1.8839382 1.6223338 
0.0059996 0.0040011 -1.8839524 1.6223152 
0.0059996 0.0040011 -1.8839620 1.6223160 
0.0059996 0.0040011 -1.8839720 1.6223236 
0.0059996 0.0040011 -1.8839833 1.6223332 
0.0059996 0.0040010 -1.8839959 1.6223385 
0.0059996 0.0040010 -1.8840098 1.6223193 
0.0059996 0.0040010 -1.8840196 1.6223196 
0.0059996 0.0040010 -1.8840296 1.6223273 
0.0059996 0.0040010 -1.8840407 1.6223370 
0.0059996 0.0040010 -1.8840532 1.6223422 
0.0059996 0.0040010 -1.8840673 1.6223230 
0.0059997 0.0040009 -1.8840770 1.6223239 
0.0059997 0.0040009 -1.8840868 1.6223313 
0.0059997 0.0040009 -1.8840978 1.6223412 
0.0059997 0.0040009 -1.8841103 1.6223462 
0.0059997 0.0040009 -1.8841243 1.6223267 
0.0059997 0.0040009 -1.8841339 1.6223271 
0.0059997 0.0040009 -1.8841438 1.6223346 
0.0059997 0.0040009 -1.8841548 1.6223446 
0.0059997 0.0040008 -1.8841672 1.6223501 
0.0059997 0.0040008 -1.8841810 1.6223307 
0.0059997 0.0040008 -1.8841906 1.6223307 
0.0059997 0.0040008 -1.8842003 1.6223381 
0.0059997 0.0040008 -1.8842113 1.6223478 
0.0059997 0.0040008 -1.8842237 1.6223531 
0.0059997 0.0040008 -1.8842375 1.6223340 
0.0059997 0.0040008 -1.8842471 1.6223345 
0.0059997 0.0040007 -1.8842568 1.6223420 
0.0059997 0.0040007 -1.8842677 1.6223518 
0.0059997 0.0040007 -1.8842801 1.6223568 
0.0059998 0.0040007 -1.8842939 1.6223378 
0.0059998 0.0040007 -1.8843033 1.6223382 
0.0059998 0.0040007 -1.8843130 1.6223454 
0.0059998 0.0040007 -1.8843238 1.6223551 
0.0059998 0.0040007 -1.8843361 1.6223605 
0.0059998 0.0040007 -1.8843499 1.6223410 
0.0059998 0.0040007 -1.8843594 1.6223413 
0.0059998 0.0040006 -1.8843690 1.6223481 
0.0059998 0.0040006 -1.8843797 1.6223574 
0.0059998 0.0040006 -1.8843920 1.6223626 
0.0059998 0.0040006 -1.8844057 1.6223433 
0.0059998 0.0040006 -1.8844151 1.6223439 
0.0059998 0.0040006 -1.8844248 1.6223509 
0.0059998 0.0040006 -1.8844355 1.6223606 
0.0059998 0.0040006 -1.8844477 1.6223656 
0.0059998 0.0040006 -1.8844614 1.6223464 
0.0059998 0.0040006 -1.8844708 1.6223460 
0.0059998 0.0040006 -1.8844804 1.6223536 
0.0059998 0.0040005 -1.8844911 1.6223632 
0.0059998 0.0040005 -1.8845032 1.6223681 
0.0059998 0.0040005 -1.8845168 1.6223489 
0.0059998 0.0040005 -1.8845263 1.6223489 
0.0059998 0.0040005 -1.8845358 1.6223562 
0.0059998 0.0040005 -1.8845465 1.6223658 
0.0059998 0.0040005 -1.8845587 1.6223707 
0.0059998 0.0040005 -1.8845723 1.6223515 
0.0059998 0.0040005 -1.8845816 1.6223518 
0.0059999 0.0040005 -1.8845911 1.6223592 
0.0059999 0.0040005 -1.8846017 1.6223683 
0.0059999 0.0040005 -1.8846138 1.6223736 
0.0059999 0.0040005 -1.8846272 1.6223543 
0.0059999 0.0040005 -1.8846365 1.6223547 
0.0059999 0.0040004 -1.8846459 1.6223621 
0.0059999 0.0040004 -1.8846567 1.6223712 
0.0059999 0.0040004 -1.8846687 1.6223762 
0.0059999 0.0040004 -1.8846822 1.6223571 
0.0059999 0.0040004 -1.8846914 1.6223574 
0.0059999 0.0040004 -1.8847008 1.6223642 
0.0059999 0.0040004 -1.8847114 1.6223731 
0.0059999 0.0040004 -1.8847235 1.6223785 
0.0059999 0.0040004 -1.8847370 1.6223595 
0.0059999 0.0040004 -1.8847462 1.6223594 
0.0059999 0.0040004 -1.8847556 1.6223663 
0.0059999 0.0040004 -1.8847662 1.6223757 
0.0059999 0.0040004 -1.8847783 1.6223805 
0.0059999 0.0040004 -1.8847917 1.6223612 
0.0059999 0.0040004 -1.8848009 1.6223611 
0.0059999 0.0040004 -1.8848103 1.6223681 
0.0059999 0.0040003 -1.8848209 1.6223770 
0.0059999 0.0040003 -1.8848329 1.6223820 
0.0059999 0.0040003 -1.8848463 1.6223631 
0.0059999 0.0040003 -1.8848555 1.6223634 
0.0059999 0.0040003 -1.8848649 1.6223704 
0.0059999 0.0040003 -1.8848754 1.6223797 
0.0059999 0.0040003 -1.8848873 1.6223847 
0.0059999 0.0040003 -1.8849008 1.6223655 
0.0059999 0.0040003 -1.8849100 1.6223655 
0.0059999 0.0040003 -1.8849193 1.6223727 
0.0059999 0.0040003 -1.8849298 1.6223819 
0.0059999 0.0040003 -1.8849417 1.6223868 
0.0059999 0.0040003 -1.8849550 1.6223675 
0.0059999 0.0040003 -1.8849641 1.6223677 
0.0059999 0.0040003 -1.8849735 1.6223747 
0.0059999 0.0040003 -1.8849840 1.6223840 
0.0059999 0.0040003 -1.8849959 1.6223893 
0.0059999 0.0040003 -1.8850093 1.6223700 
0.0059999 0.0040003 -1.8850183 1.6223698 
0.0059999 0.0040003 -1.8850276 1.6223767 
0.0059999 0.0040003 -1.8850381 1.6223860 
0.0059999 0.0040003 -1.8850501 1.6223907 
0.0059999 0.0040002 -1.8850634 1.6223712 
0.0059999 0.0040002 -1.8850725 1.6223712 
0.0059999 0.0040002 -1.8850818 1.6223788 
0.0059999 0.0040002 -1.8850921 1.6223880 
0.0059999 0.0040002 -1.8851041 1.6223924 
0.0060000 0.0040002 -1.8851174 1.6223732 
0.0060000 0.0040002 -1.8851265 1.6223737 
0.0060000 0.0040002 -1.8851358 1.6223805 
0.0060000 0.0040002 -1.8851461 1.6223893 
0.0060000 0.0040002 -1.8851579 1.6223944 
0.0060000 0.0040002 -1.8851712 1.6223751 
0.0060000 0.0040002 -1.8851804 1.6223754 
0.0060000 0.0040002 -1.8851897 1.6223823 
0.0060000 0.0040002 -1.8852000 1.6223916 
0.0060000 0.0040002 -1.8852118 1.6223963 
0.0060000 0.0040002 -1.8852251 1.6223770 
0.0060000 0.0040002 -1.8852341 1.6223769 
0.0060000 0.0040002 -1.8852433 1.6223842 
0.0060000 0.0040002 -1.8852537 1.6223933 
0.0060000 0.0040002 -1.8852656 1.6223979 
0.0060000 0.0040002 -1.8852789 1.6223782 
0.0060000 0.0040002 -1.8852880 1.6223783 
0.0060000 0.0040002 -1.8852972 1.6223853 
0.0060000 0.0040002 -1.8853076 1.6223943 
0.0060000 0.0040002 -1.8853194 1.6223992 
0.0060000 0.0040002 -1.8853326 1.6223799 
0.0060000 0.0040002 -1.8853415 1.6223801 
0.0060000 0.0040002 -1.8853507 1.6223873 
0.0060000 0.0040002 -1.8853611 1.6223966 
0.0060000 0.0040002 -1.8853729 1.6224014 
0.0060000 0.0040002 -1.8853861 1.6223820 
0.0060000 0.0040002 -1.8853951 1.6223823 
0.0060000 0.0040002 -1.8854042 1.6223892 
0.0060000 0.0040001 -1.8854146 1.6223983 
0.0060000 0.0040001 -1.8854264 1.6224031 
0.0060000 0.0040001 -1.8854396 1.6223838 
0.0060000 0.0040001 -1.8854486 1.6223841 
0.0060000 0.0040001 -1.8854578 1.6223912 
0.0060000 0.0040001 -1.8854680 1.6224005 
0.0060000 0.0040001 -1.8854798 1.6224048 
0.0060000 0.0040001 -1.8854930 1.6223854 
0.0060000 0.0040001 -1.8855020 1.6223855 
0.0060000 0.0040001 -1.8855112 1.6223927 
0.0060000 0.0040001 -1.8855215 1.6224016 
0.0060000 0.0040001 -1.8855332 1.6224061 
0.0060000 0.0040001 -1.8855464 1.6223869 
0.0060000 0.0040001 -1.8855554 1.6223869 
0.0060000 0.0040001 -1.8855646 1.6223942 
0.0060000 0.0040001 -1.8855748 1.6224033 
0.0060000 0.0040001 -1.8855866 1.6224079 
0.0060000 0.0040001 -1.8855997 1.6223885 
0.0060000 0.0040001 -1.8856087 1.6223886 
0.0060000 0.0040001 -1.8856179 1.6223955 
0.0060000 0.0040001 -1.8856281 1.6224043 
0.0060000 0.0040001 -1.8856399 1.6224090 
0.0060000 0.0040001 -1.8856530 1.6223899 
0.0060000 0.0040001 -1.8856620 1.6223900 
0.0060000 0.0040001 -1.8856711 1.6223971 
0.0060000 0.0040001 -1.8856814 1.6224062 
0.0060000 0.0040001 -1.8856931 1.6224115 
0.0060000 0.0040001 -1.8857062 1.6223919 
0.0060000 0.0040001 -1.8857150 1.6223921 
0.0060000 0.0040001 -1.8857242 1.6223991 
0.0060000 0.0040001 -1.8857344 1.6224080 
0.0060000 0.0040001 -1.8857462 1.6224126 
0.0060000 0.0040001 -1.8857594 1.6223930 
0.0060000 0.0040001 -1.8857683 1.6223931 
0.0060000 0.0040001 -1.8857775 1.6224002 
0.0060000 0.0040001 -1.8857877 1.6224089 
0.0060000 0.0040001 -1.8857994 1.6224138 
0.0060000 0.0040001 -1.8858125 1.6223942 
0.0060000 0.0040001 -1.8858215 1.6223943 
0.0060000 0.0040001 -1.8858306 1.6224017 
0.0060000 0.0040001 -1.8858408 1.6224105 
0.0060000 0.0040001 -1.8858525 1.6224154 
0.0060000 0.0040001 -1.8858654 1.6223963 
0.0060000 0.0040001 -1.8858743 1.6223965 
0.0060000 0.0040001 -1.8858835 1.6224031 
0.0060000 0.0040001 -1.8858937 1.6224123 
0.0060000 0.0040001 -1.8859054 1.6224174 
0.0060000 0.0040001 -1.8859185 1.6223980 
0.0060000 0.0040001 -1.8859274 1.6223984 
0.0060000 0.0040001 -1.8859365 1.6224052 
0.0060000 0.0040001 -1.8859468 1.6224141 
0.0060000 0.0040001 -1.8859583 1.6224186 
0.0060000 0.0040001 -1.8859714 1.6223992 
0.0060000 0.0040001 -1.8859804 1.6223993 
0.0060000 0.0040001 -1.8859894 1.6224065 
0.0060000 0.0040001 -1.8859997 1.6224154 
0.0060000 0.0040001 -1.8860114 1.6224200 
0.0060000 0.0040001 -1.8860244 1.6224008 
0.0060000 0.0040001 -1.8860332 1.6224008 
0.0060000 0.0040001 -1.8860422 1.6224080 
0.0060000 0.0040001 -1.8860524 1.6224171 
0.0060000 0.0040001 -1.8860641 1.6224215 
0.0060000 0.0040001 -1.8860770 1.6224022 
0.0060000 0.0040000 -1.8860860 1.6224021 
0.0060000 0.0040000 -1.8860950 1.6224091 
0.0060000 0.0040000 -1.8861053 1.6224179 
0.0060000 0.0040000 -1.8861170 1.6224227 
0.0060000 0.0040000 -1.8861301 1.6224034 
0.0060000 0.0040000 -1.8861389 1.6224036 
0.0060000 0.0040000 -1.8861480 1.6224105 
0.0060000 0.0040000 -1.8861581 1.6224196 
0.0060000 0.0040000 -1.8861697 1.6224242 
0.0060000 0.0040000 -1.8861828 1.6224046 
0.0060000 0.0040000 -1.8861917 1.6224048 
0.0060000 0.0040000 -1.8862007 1.6224117 
0.0060000 0.0040000 -1.8862108 1.6224208 
0.0060000 0.0040000 -1.8862225 1.6224257 
0.0060000 0.0040000 -1.8862355 1.6224062 
0.0060000 0.0040000 -1.8862443 1.6224062 
0.0060000 0.0040000 -1.8862534 1.6224130 
0.0060000 0.0040000 -1.8862635 1.6224223 
0.0060000 0.0040000 -1.8862752 1.6224265 
0.0060000 0.0040000 -1.8862882 1.6224072 
0.0060000 0.0040000 -1.8862970 1.6224073 
0.0060000 0.0040000 -1.8863060 1.6224147 
0.0060000 0.0040000 -1.8863162 1.6224236 
0.0060000 0.0040000 -1.8863277 1.6224282 
0.0060000 0.0040000 -1.8863407 1.6224092 
0.0060000 0.0040000 -1.8863496 1.6224095 
0.0060000 0.0040000 -1.8863586 1.6224160 
0.0060000 0.0040000 -1.8863689 1.6224248 
0.0060000 0.0040000 -1.8863804 1.6224296 
0.0060000 0.0040000 -1.8863935 1.6224108 
0.0060000 0.0040000 -1.8864024 1.6224103 
0.0060000 0.0040000 -1.8864113 1.6224170 
0.0060000 0.0040000 -1.8864216 1.6224259 
0.0060000 0.0040000 -1.8864331 1.6224309 
0.0060000 0.0040000 -1.8864461 1.6224116 
0.0060000 0.0040000 -1.8864549 1.6224115 
0.0060000 0.0040000 -1.8864640 1.6224182 
0.0060000 0.0040000 -1.8864740 1.6224271 
0.0060000 0.0040000 -1.8864856 1.6224319 
0.0060000 0.0040000 -1.8864986 1.6224123 
0.0060000 0.0040000 -1.8865074 1.6224124 
0.0060000 0.0040000 -1.8865165 1.6224195 
0.0060000 0.0040000 -1.8865266 1.6224284 
0.0060000 0.0040000 -1.8865381 1.6224329 
0.0060000 0.0040000 -1.8865511 1.6224138 
0.0060000 0.0040000 -1.8865600 1.6224138 
0.0060000 0.0040000 -1.8865690 1.6224208 
0.0060000 0.0040000 -1.8865792 1.6224296 
0.0060000 0.0040000 -1.8865907 1.6224346 
0.0060000 0.0040000 -1.8866037 1.6224155 
0.0060000 0.0040000 -1.8866125 1.6224157 
0.0060000 0.0040000 -1.8866215 1.6224222 
0.0060000 0.0040000 -1.8866316 1.6224310 
0.0060000 0.0040000 -1.8866432 1.6224360 
0.0060000 0.0040000 -1.8866562 1.6224166 
0.0060000 0.0040000 -1.8866649 1.6224167 
0.0060000 0.0040000 -1.8866739 1.6224239 
0.0060000 0.0040000 -1.8866841 1.6224328 
0.0060000 0.0040000 -1.8866955 1.6224374 
0.0060000 0.0040000 -1.8867084 1.6224184 
0.0060000 0.0040000 -1.8867172 1.6224184 
0.0060000 0.0040000 -1.8867263 1.6224253 
0.0060000 0.0040000 -1.8867364 1.6224344 
0.0060000 0.0040000 -1.8867478 1.6224390 
0.0060000 0.0040000 -1.8867608 1.6224200 
0.0060000 0.0040000 -1.8867697 1.6224198 
0.0060000 0.0040000 -1.8867786 1.6224264 
0.0060000 0.0040000 -1.8867886 1.6224355 
0.0060000 0.0040000 -1.8868002 1.6224400 
0.0060000 0.0040000 -1.8868132 1.6224205 
0.0060000 0.0040000 -1.8868220 1.6224207 
0.0060000 0.0040000 -1.8868309 1.6224273 
0.0060000 0.0040000 -1.8868411 1.6224363 
0.0060000 0.0040000 -1.8868525 1.6224411 
0.0060000 0.0040000 -1.8868655 1.6224221 
0.0060000 0.0040000 -1.8868742 1.6224217 
0.0060000 0.0040000 -1.8868833 1.6224285 
0.0060000 0.0040000 -1.8868934 1.6224376 
0.0060000 0.0040000 -1.8869048 1.6224424 
0.0060000 0.0040000 -1.8869177 1.6224234 
0.0060000 0.0040000 -1.8869264 1.6224234 
0.0060000 0.0040000 -1.8869354 1.6224303 
0.0060000 0.0040000 -1.8869455 1.6224391 
0.0060000 0.0040000 -1.8869570 1.6224440 
0.0060000 0.0040000 -1.8869700 1.6224248 
0.0060000 0.0040000 -1.8869787 1.6224252 
0.0060000 0.0040000 -1.8869877 1.6224320 
0.0060000 0.0040000 -1.8869977 1.6224409 
0.0060000 0.0040000 -1.8870093 1.6224455 
